代码,简称,日期,前收盘价(元),开盘价(元),最高价(元),最低价(元),收盘价(元),成交量(股),成交金额(元),涨跌(元),涨跌幅(%),均价(元),换手率(%),A股流通市值(元),B股流通市值(元),总市值(元),A股流通股本(股),B股流通股本(股),总股本(股),市盈率,市净率,市销率,市现率,
603828.SH,柯利达,20150226,,24.77,24.77,24.77,24.77,31000,767870,7.57,44.0116,24.77,0.1033,743100000,,2972400000,30000000,0,120000000,32.2827,6.7467,1.6117,-429.9548,
603828.SH,柯利达,20150227,24.77,27.25,27.25,27.25,27.25,16300,444175,2.48,10.0121,27.25,0.0543,817500000,,3270000000,30000000,0,120000000,35.5149,7.4222,1.773,-473.0023,
603828.SH,柯利达,20150302,27.25,29.98,29.98,29.98,29.98,19000,569620,2.73,10.0183,29.98,0.0633,899400000,,3597600000,30000000,0,120000000,39.0729,8.1658,1.9507,-520.3894,
603828.SH,柯利达,20150303,29.98,32.98,32.98,30.51,32.98,12868643,417287653,3,10.0067,32.4267,42.8955,989400000,,3957600000,30000000,0,120000000,42.9828,8.9829,2.1458,-572.463,
603828.SH,柯利达,20150304,32.98,32,34.91,30.77,32.85,14423789,469744153,-0.13,-0.3942,32.5673,48.0793,985500000,,3942000000,30000000,0,120000000,42.8134,8.9475,2.1374,-570.2065,
603828.SH,柯利达,20150305,32.85,32.2,32.44,31.28,31.47,8003284,254414104,-1.38,-4.2009,31.7887,26.6776,944100000,,3776400000,30000000,0,120000000,41.0148,8.5716,2.0476,-546.2526,
603828.SH,柯利达,20150306,31.47,31.98,31.98,30.13,30.47,6732392,207603517,-1,-3.1776,30.8365,22.4413,914100000,,3656400000,30000000,0,120000000,39.7115,8.2992,1.9825,-528.8948,
603828.SH,柯利达,20150309,30.47,30.01,30.04,29.3,29.6,4108843,121391439,-0.87,-2.8553,29.5439,13.6961,888000000,,3552000000,30000000,0,120000000,38.5777,8.0623,1.9259,-513.7934,
603828.SH,柯利达,20150310,29.6,29.65,29.89,29.46,29.87,2562352,76147672,0.27,0.9122,29.7179,8.5412,896100000,,3584400000,30000000,0,120000000,38.9296,8.1358,1.9435,-518.48,
603828.SH,柯利达,20150311,29.87,29.83,29.83,28.79,28.94,3642238,106388230,-0.93,-3.1135,29.2096,12.1408,868200000,,3472800000,30000000,0,120000000,37.7175,7.8825,1.883,-502.3372,
603828.SH,柯利达,20150312,28.94,28.99,29.04,28.02,28.26,3293958,93544680,-0.68,-2.3497,28.3989,10.9799,847800000,,3391200000,30000000,0,120000000,36.8312,7.6973,1.8387,-490.5338,
603828.SH,柯利达,20150313,28.26,28.5,29,28.36,29,2616531,75468550,0.74,2.6185,28.843,8.7218,870000000,,3480000000,30000000,0,120000000,37.7957,7.8988,1.8869,-503.3787,
603828.SH,柯利达,20150316,29,29.11,29.93,29.1,29.86,3824861,113570820,0.86,2.9655,29.6928,12.7495,895800000,,3583200000,30000000,0,120000000,38.9165,8.1331,1.9428,-518.3065,
603828.SH,柯利达,20150317,29.86,29.97,30.15,29.65,29.84,3411277,101706124,-0.02,-0.067,29.8147,11.3709,895200000,,3580800000,30000000,0,120000000,38.8905,8.1276,1.9415,-517.9593,
603828.SH,柯利达,20150318,29.84,29.8,30.48,29.71,30.44,4053217,121810655,0.6,2.0107,30.0528,13.5107,913200000,,3652800000,30000000,0,120000000,39.6724,8.2911,1.9806,-528.374,
603828.SH,柯利达,20150319,30.44,30.41,30.7,30.05,30.44,3611602,109622085,0,0,30.3528,12.0387,913200000,,3652800000,30000000,0,120000000,39.6724,8.2911,1.9806,-528.374,
603828.SH,柯利达,20150320,30.44,30.7,30.71,30.31,30.49,3078223,93731505,0.05,0.1643,30.4499,10.2607,914700000,,3658800000,30000000,0,120000000,39.7376,8.3047,1.9838,-529.2419,
603828.SH,柯利达,20150323,30.49,30.43,30.81,30.43,30.78,3694456,112759137,0.29,0.9511,30.5212,12.3149,923400000,,3693600000,30000000,0,120000000,40.1156,8.3837,2.0027,-534.2757,
603828.SH,柯利达,20150324,30.78,30.78,30.79,29.69,30.24,3432941,103869704,-0.54,-1.7544,30.2568,11.4431,907200000,,3628800000,30000000,0,120000000,39.4118,8.2366,1.9676,-524.9024,
603828.SH,柯利达,20150325,30.24,30.25,31.68,30.05,31.21,4943138,152678407,0.97,3.2077,30.8869,16.4771,936300000,,3745200000,30000000,0,120000000,40.676,8.5008,2.0307,-541.7396,
603828.SH,柯利达,20150326,31.21,30.95,30.95,30.36,30.49,3358907,102804780,-0.72,-2.307,30.6066,11.1964,914700000,,3658800000,30000000,0,120000000,39.7376,8.3047,1.9838,-529.2419,
603828.SH,柯利达,20150327,30.49,30.49,30.87,30.37,30.58,2074619,63374616,0.09,0.2952,30.5476,6.9154,917400000,,3669600000,30000000,0,120000000,39.8549,8.3292,1.9897,-530.8041,
603828.SH,柯利达,20150330,30.58,30.66,31.22,30.41,31.06,3761564,116020914,0.48,1.5697,30.8438,12.5385,931800000,,3727200000,30000000,0,120000000,40.4805,8.4599,2.0209,-539.1359,
603828.SH,柯利达,20150331,31.06,31.22,32.5,31.2,31.73,6719078,214428080,0.67,2.1571,31.9133,22.3969,951900000,,3807600000,30000000,0,120000000,41.3537,8.6424,2.0645,-550.7657,
603828.SH,柯利达,20150401,31.73,31.41,34.88,31.4,33.6,7556299,248420987,1.87,5.8935,32.876,25.1877,1008000000,,4032000000,30000000,0,120000000,43.7909,9.1518,2.1862,-583.2249,
603828.SH,柯利达,20150402,33.6,33.35,35.99,33.3,35.75,7721509,266106146,2.15,6.3988,34.463,25.7384,1072500000,,4290000000,30000000,0,120000000,46.593,9.7374,2.3261,-620.5444,
603828.SH,柯利达,20150403,35.75,35.39,36.8,35.08,36.25,6728582,242778559,0.5,1.3986,36.0817,22.4286,1087500000,,4350000000,30000000,0,120000000,47.2446,9.8736,2.3586,-629.2233,
603828.SH,柯利达,20150407,36.25,36.19,36.79,35.45,36.48,5478113,198454054,0.23,0.6345,36.2267,18.2604,1094400000,,4377600000,30000000,0,120000000,47.5444,9.9362,2.3736,-633.2156,
603828.SH,柯利达,20150408,36.48,36.2,40.11,36.11,39.58,7020668,270709144,3.1,8.4978,38.5589,23.4022,1187400000,,4749600000,30000000,0,120000000,51.5846,10.7806,2.5753,-687.0251,
603828.SH,柯利达,20150409,39.58,38.8,40.09,35.88,38.79,4379364,168273995,-0.79,-1.996,38.4243,14.5979,1163700000,,4654800000,30000000,0,120000000,50.555,10.5654,2.5239,-673.3124,
603828.SH,柯利达,20150410,38.79,38.63,42.16,37.7,40.38,4590538,184597764,1.59,4.099,40.2127,15.3018,1211400000,,4845600000,30000000,0,120000000,52.6272,10.9985,2.6273,-700.9114,
603828.SH,柯利达,20150413,40.38,40.33,41.78,39.88,41.16,3094217,126142940,0.78,1.9316,40.7673,10.3141,1234800000,,4939200000,30000000,0,120000000,53.6438,11.2109,2.6781,-714.4506,
603828.SH,柯利达,20150414,41.16,40.88,41.92,38.57,39.16,4918321,195137265,-2,-4.8591,39.6756,16.3944,1174800000,,4699200000,30000000,0,120000000,51.0372,10.6662,2.548,-679.7347,
603828.SH,柯利达,20150415,39.16,38.12,39.25,37.2,38.02,2787104,107436427,-1.14,-2.9111,38.5477,9.2903,1140600000,,4562400000,30000000,0,120000000,49.5515,10.3557,2.4738,-659.9468,
603828.SH,柯利达,20150416,38.02,38.02,39.38,37.2,39.08,2571277,99633340,1.06,2.788,38.7486,8.5709,1172400000,,4689600000,30000000,0,120000000,50.933,10.6444,2.5427,-678.3461,
603828.SH,柯利达,20150417,39.08,39.1,40.8,38.2,38.71,3625992,141950867,-0.37,-0.9468,39.1481,12.0866,1161300000,,4645200000,30000000,0,120000000,50.4507,10.5436,2.5187,-671.9237,
603828.SH,柯利达,20150420,38.71,38.71,38.71,35.84,35.88,5039297,185307956,-2.83,-7.3108,36.7726,16.7977,1076400000,,4305600000,30000000,0,120000000,46.7624,9.7728,2.3345,-622.8009,
603828.SH,柯利达,20150421,35.88,36,37.15,35.88,37.01,2597028,95254635,1.13,3.1494,36.6783,8.6568,1110300000,,4441200000,30000000,0,120000000,48.2351,10.0806,2.4081,-642.4153,
603828.SH,柯利达,20150422,37.01,36.5,37.58,36.22,37.35,3967666,146943458,0.34,0.9187,37.0352,13.2256,1120500000,,4482000000,30000000,0,120000000,47.0704,9.3627,2.4302,-648.317,
603828.SH,柯利达,20150423,37.35,37.57,38.45,36.6,38.35,5387074,201489522,1,2.6774,37.4024,17.9569,1150500000,,4602000000,30000000,0,120000000,48.3307,9.6134,2.4952,-665.6749,
603828.SH,柯利达,20150424,38.35,37.7,39.93,37.35,39.18,4534459,176907547,0.83,2.1643,39.014,15.1149,1175400000,,4701600000,30000000,0,120000000,49.3767,9.8214,2.5493,-680.0819,
603828.SH,柯利达,20150427,39.18,38.8,39.58,38,38.54,2714224,104660774,-0.64,-1.6335,38.5601,9.0474,1156200000,,4624800000,30000000,0,120000000,48.5701,9.661,2.5076,-668.9729,
603828.SH,柯利达,20150428,38.54,38.7,38.91,36.4,36.74,2391186,89006503,-1.8,-4.6705,37.2227,7.9706,1102200000,,4408800000,30000000,0,120000000,46.3017,9.2098,2.3905,-637.7287,
603828.SH,柯利达,20150429,36.74,36.43,37.2,36.36,37.02,1489401,55048974,0.28,0.7621,36.9605,4.9647,1110600000,,4442400000,30000000,0,120000000,46.6545,9.28,2.4087,-642.5889,
603828.SH,柯利达,20150430,37.02,37.35,37.71,36.95,37.12,1486799,55504048,0.1,0.2701,37.3312,4.956,1113600000,,4454400000,30000000,0,120000000,44.0561,4.5607,2.4152,-644.3247,
603828.SH,柯利达,20150504,37.12,36.82,37.15,35.95,36.77,1338189,48934103,-0.35,-0.9429,36.5674,4.4606,1103100000,,4412400000,30000000,0,120000000,43.6407,4.5177,2.3924,-638.2495,
603828.SH,柯利达,20150505,36.77,36.76,37.29,36.12,36.46,1494534,55000590,-0.31,-0.8431,36.8012,4.9818,1093800000,,4375200000,30000000,0,120000000,43.2728,4.4796,2.3723,-632.8685,
603828.SH,柯利达,20150506,36.46,36.2,36.93,35.4,35.51,1548290,56361753,-0.95,-2.6056,36.4026,5.161,1065300000,,4261200000,30000000,0,120000000,42.1453,4.3629,2.3105,-616.3785,
603828.SH,柯利达,20150507,35.51,35.21,35.49,34.07,34.15,1368864,47349224,-1.36,-3.8299,34.5902,4.5629,1024500000,,4098000000,30000000,0,120000000,40.5312,4.1958,2.222,-592.7718,
603828.SH,柯利达,20150508,34.15,34.66,35.4,34.6,35.39,1625083,56804015,1.24,3.631,34.9545,5.4169,1061700000,,4246800000,30000000,0,120000000,42.0029,4.3482,2.3027,-614.2955,
603828.SH,柯利达,20150511,35.39,36.12,37.5,35.6,37.42,2706621,99463565,2.03,5.7361,36.7482,9.0221,1122600000,,4490400000,30000000,0,120000000,44.4122,4.5976,2.4347,-649.532,
603828.SH,柯利达,20150512,37.42,37.59,38.66,37.38,38.11,2823177,107216463,0.69,1.8439,37.9772,9.4106,1143300000,,4573200000,30000000,0,120000000,45.2311,4.6824,2.4796,-661.509,
603828.SH,柯利达,20150513,38.11,37.91,39.7,37.5,39.05,3510898,135562654,0.94,2.4665,38.612,11.703,1171500000,,4686000000,30000000,0,120000000,46.3468,4.7979,2.5408,-677.8254,
603828.SH,柯利达,20150514,39.05,39.08,42.05,38.75,41.6,5755670,233391065,2.55,6.5301,40.5498,19.1856,1248000000,,4992000000,30000000,0,120000000,49.3733,5.1112,2.7067,-722.088,
603828.SH,柯利达,20150515,41.6,41.03,43.3,39.9,42.27,5461388,226600059,0.67,1.6106,41.4913,18.2046,1268100000,,5072400000,30000000,0,120000000,50.1685,5.1935,2.7503,-733.7178,
603828.SH,柯利达,20150518,42.27,42.68,46.43,41.88,45.53,5546325,247892971,3.26,7.7123,44.695,18.4877,1365900000,,5463600000,30000000,0,120000000,54.0376,5.594,2.9624,-790.3045,
603828.SH,柯利达,20150519,45.53,45.87,47.3,43.02,44.49,4439632,197519838,-1.04,-2.2842,44.4901,14.7988,1334700000,,5338800000,30000000,0,120000000,52.8033,5.4662,2.8947,-772.2523,
603828.SH,柯利达,20150520,44.49,44.02,46.18,42.11,42.98,5091583,227816515,-1.51,-3.394,44.7437,16.9719,1289400000,,5157600000,30000000,0,120000000,51.0111,5.2807,2.7965,-746.0419,
603828.SH,柯利达,20150521,42.98,42.98,45.5,42.41,45.48,4112522,181466442,2.5,5.8167,44.1253,13.7084,1364400000,,5457600000,30000000,0,120000000,53.9783,5.5879,2.9592,-789.4366,
603828.SH,柯利达,20150522,45.48,46.4,49.6,44.32,49.25,6532711,305075378,3.77,8.2894,46.6997,21.7757,1477500000,,5910000000,30000000,0,120000000,58.4527,6.0511,3.2045,-854.8758,
603828.SH,柯利达,20150525,49.25,48.66,53.2,46.88,52.23,6346940,325163127,2.98,6.0508,51.2315,21.1565,1566900000,,6267600000,30000000,0,120000000,61.9896,6.4172,3.3984,-906.6023,
603828.SH,柯利达,20150526,52.23,52.27,57.45,52.21,57.45,6195280,339049334,5.22,9.9943,54.727,20.6509,1723500000,,6894000000,30000000,0,120000000,68.185,7.0586,3.738,-997.2104,
603828.SH,柯利达,20150527,57.45,58.7,63.2,57.45,63.2,6987340,426647299,5.75,10.0087,61.06,23.2911,1896000000,,7584000000,30000000,0,120000000,75.0094,7.765,4.1121,-1097.0183,
603828.SH,柯利达,20150528,63.2,63.2,63.2,63.2,63.2,,,0,0,,,1896000000,,7584000000,30000000,0,120000000,75.0094,7.765,4.1121,-1097.0183,
603828.SH,柯利达,20150529,63.2,63.2,63.2,63.2,63.2,,,0,0,,,1896000000,,7584000000,30000000,0,120000000,75.0094,7.765,4.1121,-1097.0183,
603828.SH,柯利达,20150601,63.2,63.2,63.2,63.2,63.2,,,0,0,,,1896000000,,7584000000,30000000,0,120000000,75.0094,7.765,4.1121,-1097.0183,
603828.SH,柯利达,20150602,63.2,63.2,63.2,63.2,63.2,,,0,0,,,1896000000,,7584000000,30000000,0,120000000,75.0094,7.765,4.1121,-1097.0183,
603828.SH,柯利达,20150603,63.2,56.98,62,56.88,56.88,7387074,429069361,-6.32,-10,58.0838,24.6236,1706400000,,6825600000,30000000,0,120000000,67.5085,6.9885,3.7009,-987.3165,
603828.SH,柯利达,20150604,56.88,55.5,56.68,51.19,52.03,6272345,329809167,-4.85,-8.5267,52.5815,20.9078,1560900000,,6243600000,30000000,0,120000000,61.7522,6.3926,3.3853,-903.1307,
603828.SH,柯利达,20150605,52.03,52.5615,54.7378,51.1575,52.5013,4480466,236064454,0.4713,0.9059,52.6875,14.9349,1570500000,,6282000000,30000000,0,120000000,62.132,6.4319,3.4062,-908.6852,
603828.SH,柯利达,20150608,52.5013,52.4111,52.4111,47.4367,47.9081,5521445,268641725,-4.5932,-8.7488,48.6542,18.4048,1433100000,,5732400000,30000000,0,120000000,56.6962,5.8692,3.1082,-829.1862,
603828.SH,柯利达,20150609,47.9081,47.9582,49.6331,47.7577,48.2691,3679423,178351466,0.361,0.7536,48.4727,12.2647,1443900000,,5775600000,30000000,0,120000000,57.1234,5.9135,3.1316,-835.435,
603828.SH,柯利达,20150610,48.2691,47.8479,51.5386,47.6674,50.4655,4237508,211183833,2.1963,4.5502,49.8368,14.125,1509600000,,6038400000,30000000,0,120000000,59.7227,6.1825,3.2741,-873.4487,
603828.SH,柯利达,20150611,50.4655,51.1374,55.51,50.9469,54.467,4994589,266645342,4.0015,7.9293,53.3868,16.6486,1629300000,,6517200000,30000000,0,120000000,64.4582,6.6728,3.5337,-942.7067,
603828.SH,柯利达,20150612,54.467,55.149,57.0444,51.8896,52.391,5415233,292730697,-2.076,-3.8115,54.0569,18.0508,1567200000,,6268800000,30000000,0,120000000,62.0014,6.4184,3.399,-906.7759,
603828.SH,柯利达,20150615,52.391,52.4512,52.4512,48.3393,48.4798,4020893,199659489,-3.9113,-7.4655,49.6555,13.403,1450200000,,5800800000,30000000,0,120000000,57.3727,5.9393,3.1453,-839.0801,
603828.SH,柯利达,20150616,48.4798,48.1388,49.8838,46.6344,49.6431,3088738,148634054,1.1634,2.3997,48.1213,10.2958,1485000000,,5940000000,30000000,0,120000000,58.7494,6.0818,3.2207,-859.2153,
603828.SH,柯利达,20150617,49.6431,49.1116,50.2448,47.6373,49.8738,2419835,118352721,0.2307,0.4646,48.9094,8.0661,1491900000,,5967600000,30000000,0,120000000,59.0224,6.11,3.2357,-863.2076,
603828.SH,柯利达,20150618,49.8738,49.4024,49.623,46.6545,46.7548,2039715,98388259,-3.119,-6.2538,48.2363,6.7991,1398600000,,5594400000,30000000,0,120000000,55.3313,5.7279,3.0333,-809.2246,
603828.SH,柯利达,20150619,46.7548,45.4811,46.133,42.1214,42.1816,2407057,106308137,-4.5732,-9.7812,44.1652,8.0235,1261800000,,5047200000,30000000,0,120000000,49.9192,5.1677,2.7366,-730.0726,
603828.SH,柯利达,20150623,42.1816,42.6128,45.1301,41.2188,45.08,2735150,118143963,2.8984,6.8711,43.1947,9.1172,1348500000,,5394000000,30000000,0,120000000,53.3492,5.5227,2.9247,-780.2369,
603828.SH,柯利达,20150624,45.08,45.5513,46.3737,44.8292,46.0828,2877087,130992772,1.0029,2.2247,45.5297,9.5903,1378500000,,5514000000,30000000,0,120000000,54.5361,5.6456,2.9897,-797.5948,
603828.SH,柯利达,20150625,46.0828,46.0628,46.0628,42.7232,43.0341,2578525,114545824,-3.0488,-6.6159,44.423,8.5951,1287300000,,5149200000,30000000,0,120000000,50.9281,5.2721,2.7919,-744.8268,
603828.SH,柯利达,20150626,43.0341,42.1214,42.1615,38.7317,39.2431,2977576,118657039,-3.7909,-8.8091,39.8502,9.9253,1173900000,,4695600000,30000000,0,120000000,46.4417,4.8077,2.546,-679.2141,
603828.SH,柯利达,20150629,39.2431,41.1687,41.269,36.1041,39.5139,2997538,117681381,0.2708,0.69,39.2593,9.9918,1182000000,,4728000000,30000000,0,120000000,46.7622,4.8409,2.5636,-683.9006,
603828.SH,柯利达,20150630,39.5139,38.6815,43.4653,37.107,43.2246,3055428,123791319,3.7107,9.3909,40.5152,10.1848,1293000000,,5172000000,30000000,0,120000000,51.1536,5.2955,2.8043,-748.1248,
603828.SH,柯利达,20150701,43.2246,43.024,44.8092,39.6142,39.9251,2929597,125639331,-3.2995,-7.6334,42.8862,9.7653,1194300000,,4777200000,30000000,0,120000000,47.2488,4.8912,2.5902,-691.0174,
603828.SH,柯利达,20150702,39.9251,40.9882,40.9882,37.5081,37.9995,2325381,90571356,-1.9256,-4.8229,38.949,7.7513,1136700000,,4546800000,30000000,0,120000000,44.97,4.6553,2.4653,-657.6902,
603828.SH,柯利达,20150703,37.9995,38.0898,40.0655,35.5826,37.3577,2581956,96866242,-0.6419,-1.6891,37.5166,8.6065,1117500000,,4470000000,30000000,0,120000000,44.2104,4.5767,2.4237,-646.5812,
603828.SH,柯利达,20150706,37.3577,41.0483,41.0483,35.1012,36.415,3005257,114368428,-0.9427,-2.5235,38.0561,10.0175,1089300000,,4357200000,30000000,0,120000000,43.0948,4.4612,2.3625,-630.2648,
603828.SH,柯利达,20150707,36.415,34.0983,36.084,32.7745,32.7745,1891000,62920480,-3.6405,-9.9972,33.2737,6.3033,980400000,,3921600000,30000000,0,120000000,38.7865,4.0152,2.1263,-567.2557,
603828.SH,柯利达,20150708,32.7745,29.495,29.495,29.495,29.495,437000,12852170,-3.2795,-10.0061,29.41,1.4567,882300000,,3529200000,30000000,0,120000000,34.9055,3.6134,1.9136,-510.4954,
603828.SH,柯利达,20150709,29.495,26.5465,32.4435,26.5465,32.4435,3580851,108992292,2.9485,9.9966,30.4375,11.9362,970500000,,3882000000,30000000,0,120000000,38.3948,3.9747,2.1049,-561.5276,
603828.SH,柯利达,20150710,32.4435,33.5968,35.6929,33.5968,35.6929,2333658,82042047,3.2494,10.0155,35.156,7.7789,1067700000,,4270800000,30000000,0,120000000,42.2403,4.3727,2.3157,-617.7671,
603828.SH,柯利达,20150713,35.6929,37.107,39.2632,36.1041,39.2632,4947263,190020721,3.5703,10.0028,38.4093,16.4909,1174500000,,4698000000,30000000,0,120000000,46.4655,4.8101,2.5473,-679.5612,
603828.SH,柯利达,20150714,39.2632,38.1099,41.2991,37.7087,38.2302,5195924,202648587,-1.033,-2.6309,39.0015,17.3197,1143600000,,4574400000,30000000,0,120000000,45.243,4.6836,2.4803,-661.6826,
603828.SH,柯利达,20150715,38.2302,38.511,38.511,34.4092,34.6098,3919362,139169894,-3.6204,-9.4701,35.5083,13.0645,1035300000,,4141200000,30000000,0,120000000,40.9585,4.24,2.2454,-599.0206,
603828.SH,柯利达,20150716,34.6098,33.0954,36.4852,32.1727,35.0711,1855123,63949340,0.4613,1.3329,34.4718,6.1837,1049100000,,4196400000,30000000,0,120000000,41.5044,4.2966,2.2753,-607.0052,
603828.SH,柯利达,20150717,35.0711,35.4923,37.7689,34.9407,36.9966,2648124,96648413,1.9256,5.4904,36.4969,8.8271,1106700000,,4426800000,30000000,0,120000000,43.7832,4.5325,2.4003,-640.3323,
603828.SH,柯利达,20150720,36.9966,36.7459,38.0096,35.9035,36.8262,2839378,104784801,-0.1705,-0.4608,36.9041,9.4646,1101600000,,4406400000,30000000,0,120000000,43.5814,4.5116,2.3892,-637.3815,
603828.SH,柯利达,20150721,36.8262,36.1943,37.6886,35.6528,36.9966,2346120,85979025,0.1705,0.463,36.6473,7.8204,1106700000,,4426800000,30000000,0,120000000,43.7832,4.5325,2.4003,-640.3323,
603828.SH,柯利达,20150722,36.9966,36.766,37.8491,36.415,37.3677,2506933,92941167,0.3711,1.003,37.0737,8.3564,1117800000,,4471200000,30000000,0,120000000,44.2223,4.5779,2.4243,-646.7548,
603828.SH,柯利达,20150723,37.3677,37.5081,40.5168,37.4078,39.895,4027379,156527996,2.5273,6.7633,38.866,13.4246,1193400000,,4773600000,30000000,0,120000000,47.2132,4.8875,2.5883,-690.4966,
603828.SH,柯利达,20150724,39.895,40.1156,40.5669,38.5612,38.7317,3874195,153765010,-1.1634,-2.916,39.6895,12.914,1158600000,,4634400000,30000000,0,120000000,45.8364,4.745,2.5128,-670.3615,
603828.SH,柯利达,20150727,38.7317,37.9093,39.5139,34.8605,34.8605,3118738,116288513,-3.8712,-9.9948,37.287,10.3958,1042800000,,4302766600,30000000,0,123785000,41.2552,4.2708,2.333,-622.3911,
603828.SH,柯利达,20150728,34.8605,32.6541,35.7631,31.4406,33.2157,2483651,82359973,-1.6447,-4.7181,33.1608,8.2788,993600000,,4099759200,30000000,0,123785000,39.3087,4.0693,2.2229,-593.0262,
603828.SH,柯利达,20150729,33.2157,33.6971,36.5353,33.0954,36.5353,2443406,84751917,3.3196,9.994,34.686,8.1447,1092900000,,4509487550,30000000,0,123785000,44.601,4.6171,2.4451,-652.293,
603828.SH,柯利达,20150730,36.5353,36.7058,39.6142,36.1041,37.7588,4172051,160154462,1.2235,3.3489,38.3875,13.9068,1129500000,,4660505250,30000000,0,123785000,46.0946,4.7717,2.527,-674.1376,
603828.SH,柯利达,20150731,37.7588,34.7803,37.9795,34.359,36.0339,3594872,128496429,-1.725,-4.5684,35.7444,11.9829,1077900000,,4447595050,30000000,0,123785000,48.2577,4.2248,2.4115,-643.3403,
603828.SH,柯利达,20150803,36.0339,35.1012,36.064,33.1756,33.8777,2343087,80371347,-2.1562,-5.9839,34.3015,7.8103,1013400000,,4181457300,30000000,0,123785000,45.37,3.972,2.2672,-604.8438,
603828.SH,柯利达,20150804,33.8777,34.0983,36.074,33.3562,35.9938,2461609,85874512,2.1161,6.2463,34.8855,8.2054,1076700000,,4442643650,30000000,0,123785000,48.204,4.2201,2.4088,-642.6241,
603828.SH,柯利达,20150805,35.9938,36.084,37.6084,35.1814,36.4952,3633099,133079593,0.5014,1.3931,36.6298,12.1103,1091700000,,4504536150,30000000,0,123785000,48.8755,4.2789,2.4424,-651.5768,
603828.SH,柯利达,20150806,36.4952,35.6127,37.0969,35.1513,36.2345,2540257,91713407,-0.2608,-0.7145,36.104,8.4675,1083900000,,4472352050,30000000,0,123785000,48.5263,4.2483,2.425,-646.9214,
603828.SH,柯利达,20150807,36.2345,36.2345,38.8019,36.2345,38.0998,3465607,130047129,1.8654,5.1481,37.5251,11.552,1139700000,,4702592150,30000000,0,123785000,51.0245,4.467,2.5498,-680.2255,
603828.SH,柯利达,20150810,38.0998,38.2202,41.2991,37.9093,40.4265,3956763,154903794,2.3267,6.1069,39.1491,13.1892,1209300000,,4989773350,30000000,0,123785000,54.1405,4.7398,2.7055,-721.7659,
603828.SH,柯利达,20150811,40.4265,39.9151,40.1156,38.6414,39.2231,3752748,147783245,-1.2035,-2.9769,39.38,12.5092,1173300000,,4841231350,30000000,0,123785000,52.5288,4.5987,2.625,-700.2795,
603828.SH,柯利达,20150812,39.2231,38.7617,39.3635,37.809,37.8692,2122818,81818765,-1.3539,-3.4518,38.5425,7.0761,1132800000,,4674121600,30000000,0,123785000,50.7156,4.44,2.5344,-676.1072,
603828.SH,柯利达,20150813,37.8692,37.7488,38.6113,37.4078,38.511,1840225,70026572,0.6419,1.6949,38.0533,6.1341,1152000000,,4753344000,30000000,0,123785000,51.5752,4.5153,2.5773,-687.5667,
603828.SH,柯利达,20150814,38.511,38.511,39.2532,38.4107,38.6614,1891521,73136791,0.1504,0.3906,38.6656,6.3051,1156500000,,4771911750,30000000,0,123785000,51.7766,4.5329,2.5874,-690.2524,
603828.SH,柯利达,20150817,38.6614,38.6113,38.8721,37.0067,38.7918,2267234,86102065,0.1304,0.3372,37.9767,7.5574,1160400000,,4788003800,30000000,0,123785000,51.9512,4.5482,2.5961,-692.5801,
603828.SH,柯利达,20150818,38.7918,38.6213,39.2933,34.9106,34.9106,2120541,78527116,-3.8812,-10.0052,37.0316,7.0685,1044300000,,4308955850,30000000,0,123785000,46.7534,4.0931,2.3364,-623.2863,
603828.SH,柯利达,20150819,34.9106,34.0682,35.5324,31.7214,35.0912,2342516,79143735,0.1805,0.5171,33.7858,7.8084,1049700000,,4331237150,30000000,0,123785000,46.9952,4.1143,2.3484,-626.5093,
603828.SH,柯利达,20150820,35.0912,34.8805,34.9808,33.3963,33.4264,1290220,44064285,-1.6648,-4.7442,34.1525,4.3007,999900000,,4125754050,30000000,0,123785000,44.7656,3.9191,2.237,-596.7864,
603828.SH,柯利达,20150821,33.4264,33.0152,33.5668,31.0996,31.3403,1676674,53831445,-2.086,-6.2406,32.1061,5.5889,937500000,,3868281250,30000000,0,123785000,41.972,3.6745,2.0974,-559.5432,
603828.SH,柯利达,20150824,31.3403,30.0867,30.4779,28.2113,28.2113,1473270,42140147,-3.129,-9.984,28.6031,4.9109,843900000,,3482072050,30000000,0,123785000,37.7815,3.3077,1.888,-503.6784,
603828.SH,柯利达,20150825,28.2113,26.5766,28.1913,25.3932,25.3932,1765526,46139222,-2.8181,-9.9893,26.1334,5.8851,759600000,,3134236200,30000000,0,123785000,34.0074,2.9772,1.6994,-453.3643,
603828.SH,柯利达,20150826,25.3932,26.0651,27.74,24.8717,26.1253,2292418,60343895,0.7321,2.8831,26.3233,7.6414,781500000,,3224599250,30000000,0,123785000,34.9878,3.0631,1.7484,-466.4352,
603828.SH,柯利达,20150827,26.1253,26.5666,27.5795,25.9047,27.5494,1778115,47413770,1.4241,5.4511,26.6652,5.9271,824100000,,3400373950,30000000,0,123785000,36.895,3.2301,1.8437,-491.8608,
603828.SH,柯利达,20150828,27.5494,27.76,29.5652,27.5394,29.3145,2072814,58460599,1.7651,6.407,28.2035,6.9094,876900000,,3618235550,30000000,0,123785000,39.2589,3.437,1.9618,-523.3743,
603828.SH,柯利达,20150831,29.3145,28.793,30.3074,28.3818,29.3546,2481384,72510345,0.0401,0.1368,29.2217,8.2713,878100000,,3623186950,30000000,0,123785000,39.3126,3.4417,1.9645,-524.0905,
603828.SH,柯利达,20150901,29.3546,28.6526,28.6526,26.4161,26.4161,1336949,36141683,-2.9385,-10.0102,27.033,4.4565,790200000,,3260496900,30000000,0,123785000,35.3773,3.0972,1.7679,-471.6277,
603828.SH,柯利达,20150902,26.4161,25.0522,27.0781,24.3301,24.8817,1467817,37252485,-1.5344,-5.8087,25.3795,4.8927,744300000,,3071105850,30000000,0,123785000,33.3224,2.9173,1.6652,-444.2325,
603828.SH,柯利达,20150907,24.8817,25.3731,26.8273,25.1224,25.6339,889104,22955824,0.7522,3.023,25.8191,2.9637,766800000,,3163944600,30000000,0,123785000,34.3297,3.0055,1.7155,-457.6616,
603828.SH,柯利达,20150908,25.6339,25.8244,27.4692,25.2729,27.3589,1567026,40978070,1.725,6.7293,26.1502,5.2234,818400000,,3376854800,30000000,0,123785000,36.6398,3.2077,1.831,-488.4588,
603828.SH,柯利达,20150909,27.3589,27.5895,28.5623,27.1884,28.3918,2004480,56148752,1.033,3.7757,28.0116,6.6816,849300000,,3504353350,30000000,0,123785000,38.0232,3.3288,1.9001,-506.9013,
603828.SH,柯利达,20150910,28.3918,27.9907,28.0609,26.9878,26.9978,1210100,33318744,-1.394,-4.9099,27.5339,4.0337,807600000,,3332292200,30000000,0,123785000,36.1563,3.1654,1.8068,-482.0129,
603828.SH,柯利达,20150911,26.9978,27.0781,27.6798,26.9276,27.4592,709540,19318009,0.4613,1.7088,27.2261,2.3651,821400000,,3389233300,30000000,0,123785000,36.7742,3.2195,1.8377,-490.2493,
603828.SH,柯利达,20150914,27.4592,27.2385,27.5795,24.7112,24.7112,1405409,36299869,-2.7479,-10.0073,25.8287,4.6847,739200000,,3050062400,30000000,0,123785000,33.0941,2.8973,1.6538,-441.1886,
603828.SH,柯利达,20150915,24.7112,24.8717,26.0451,24.4806,24.6811,1365555,34223596,-0.0301,-0.1218,25.062,4.5518,738300000,,3046348850,30000000,0,123785000,33.0538,2.8938,1.6518,-440.6514,
603828.SH,柯利达,20150916,24.6811,24.5809,27.1483,24.5809,26.4161,1791677,46258080,1.735,7.0297,25.8183,5.9723,790200000,,3260496900,30000000,0,123785000,35.3773,3.0972,1.7679,-471.6277,
603828.SH,柯利达,20150917,26.4161,26.5164,26.9778,25.8746,25.8946,1700872,44722532,-0.5215,-1.9742,26.2939,5.6696,774600000,,3196128700,30000000,0,123785000,34.6789,3.036,1.733,-462.317,
603828.SH,柯利达,20150918,25.8946,26.0752,26.376,25.5737,26.0351,751710,19453937,0.1404,0.5422,25.8796,2.5057,778800000,,3213458600,30000000,0,123785000,34.867,3.0525,1.7424,-464.8237,
603828.SH,柯利达,20150921,26.0351,25.5737,27.0379,25.3731,26.9477,1333807,35164848,0.9126,3.5054,26.3643,4.446,806100000,,3326102950,30000000,0,123785000,36.0892,3.1595,1.8034,-481.1176,
603828.SH,柯利达,20150922,26.9477,26.9778,27.5594,26.7672,27.4792,1466431,39731984,0.5315,1.9725,27.0943,4.8881,822000000,,3391709000,30000000,0,123785000,36.801,3.2218,1.839,-490.6075,
603828.SH,柯利达,20150923,27.4792,26.9778,27.3689,26.5766,27.0279,1025925,27640868,-0.4513,-1.6423,26.9424,3.4198,808500000,,3336005750,30000000,0,123785000,36.1966,3.1689,1.8088,-482.55,
603828.SH,柯利达,20150924,27.0279,27.0079,27.6597,27.0079,27.5895,1228066,33554889,0.5616,2.0779,27.3234,4.0936,825300000,,3405325350,30000000,0,123785000,36.9488,3.2348,1.8464,-492.577,
603828.SH,柯利达,20150925,27.5895,27.5695,27.5695,25.7743,25.9247,990800,26244938,-1.6648,-6.0342,26.4886,3.3027,775500000,,3199842250,30000000,0,123785000,34.7192,3.0396,1.735,-462.8541,
603828.SH,柯利达,20150928,25.9247,25.9548,26.5766,25.5837,26.5265,889150,23168472,0.6017,2.3211,26.0569,2.9638,793500000,,3274113250,30000000,0,123785000,35.5251,3.1101,1.7753,-473.5974,
603828.SH,柯利达,20150929,26.5265,26.015,26.356,25.0322,25.323,1883678,47751228,-1.2035,-4.5369,25.35,6.2789,757500000,,3125571250,30000000,0,123785000,33.9133,2.969,1.6947,-452.1109,
603828.SH,柯利达,20150930,25.323,25.3731,25.9448,25.2829,25.7843,1030100,26293212,0.4613,1.8218,25.5249,3.4337,771300000,,3182512350,30000000,0,123785000,34.5312,3.0231,1.7256,-460.3474,
603828.SH,柯利达,20151008,25.7843,27.0781,27.2586,26.4663,27.1583,1832297,49144176,1.374,5.3287,26.8211,6.1077,812400000,,3352097800,30000000,0,123785000,36.3712,3.1842,1.8175,-484.8777,
603828.SH,柯利达,20151009,27.1583,26.9778,27.3789,26.8574,27.2887,1470138,39781848,0.1304,0.4801,27.0599,4.9005,816300000,,3368189850,30000000,0,123785000,36.5458,3.1995,1.8263,-487.2054,
603828.SH,柯利达,20151012,27.2887,27.6698,29.3346,27.5795,29.0738,2901912,83336597,1.7851,6.5417,28.7178,9.673,869700000,,3588527150,30000000,0,123785000,38.9366,3.4088,1.9457,-519.077,
603828.SH,柯利达,20151013,29.0738,28.7729,29.485,28.7729,29.1641,1648749,47771691,0.0903,0.3105,28.9745,5.4958,872400000,,3599667800,30000000,0,123785000,39.0574,3.4194,1.9518,-520.6885,
603828.SH,柯利达,20151014,29.1641,29.1641,30.6183,28.6626,29.5753,3147270,92634758,0.4112,1.4099,29.4334,10.4909,884700000,,3650419650,30000000,0,123785000,39.6081,3.4676,1.9793,-528.0297,
603828.SH,柯利达,20151015,29.5753,29.2844,31.3604,29.1641,31.1498,3829632,114169592,1.5745,5.3238,29.8122,12.7654,931800000,,3844762100,30000000,0,123785000,41.7168,3.6522,2.0847,-556.1412,
603828.SH,柯利达,20151016,31.1498,30.889,31.0696,29.8862,30.6584,3280134,99450737,-0.4914,-1.5776,30.3191,10.9338,917100000,,3784107450,30000000,0,123785000,41.0587,3.5946,2.0518,-547.3675,
603828.SH,柯利达,20151019,30.6584,30.6885,30.7888,29.3847,29.6555,2328843,69696297,-1.0029,-3.2712,29.9274,7.7628,887100000,,3660322450,30000000,0,123785000,39.7156,3.477,1.9847,-529.4621,
603828.SH,柯利达,20151020,29.6555,30.0366,30.528,29.7658,30.3776,2221803,67061159,0.7221,2.4349,30.1832,7.406,908700000,,3749447650,30000000,0,123785000,40.6826,3.5616,2.033,-542.354,
603828.SH,柯利达,20151021,30.3776,30.538,30.9592,27.8804,27.9105,2969708,87633005,-2.4671,-8.1215,29.509,9.899,834900000,,3444936550,30000000,0,123785000,37.3786,3.2724,1.8679,-498.3068,
603828.SH,柯利达,20151022,27.9105,27.8804,28.9033,27.8804,28.8532,1627610,46152245,0.9427,3.3777,28.3558,5.4254,863100000,,3561294450,30000000,0,123785000,38.6411,3.3829,1.931,-515.1378,
603828.SH,柯利达,20151023,28.8532,28.9835,30.2472,28.9835,30.1168,1906614,56285650,1.2636,4.3796,29.5213,6.3554,900900000,,3717263550,30000000,0,123785000,40.3334,3.5311,2.0155,-537.6986,
603828.SH,柯利达,20151026,30.1168,30.3876,30.859,29.9965,30.6985,1974990,60054484,0.5817,1.9314,30.4075,6.5833,918300000,,3789058850,30000000,0,123785000,41.1124,3.5993,2.0545,-548.0837,
603828.SH,柯利达,20151027,30.6985,30.4979,31.5911,29.1039,31.0495,2240794,67812838,0.351,1.1434,30.2629,7.4693,928800000,,3832383600,30000000,0,123785000,41.5825,3.6404,2.078,-554.3506,
603828.SH,柯利达,20151028,31.0495,30.6584,31.4908,30.3876,30.4779,2372981,73246531,-0.5716,-1.8411,30.8669,7.9099,911700000,,3761826150,30000000,0,123785000,46.5596,3.5319,2.0397,-544.1445,
603828.SH,柯利达,20151029,30.4779,30.3976,31.4206,30.1469,31.1699,2251710,69348025,0.692,2.2705,30.7979,7.5057,932400000,,3847237800,30000000,0,123785000,47.6167,3.6121,2.086,-556.4993,
603828.SH,柯利达,20151030,31.1699,31.1297,32.0925,30.5481,31.8819,2518154,78789998,0.7121,2.2844,31.2888,8.3938,953700000,,3935125150,30000000,0,123785000,48.7045,3.6946,2.1337,-569.2121,
603828.SH,柯利达,20151102,31.8819,31.2701,34.1986,31.0094,32.7143,4015081,131371276,0.8324,2.6109,32.7195,13.3836,978600000,,4037866700,30000000,0,123785000,49.9761,3.7911,2.1894,-584.0735,
603828.SH,柯利达,20151103,32.7143,32.7043,33.657,32.0925,33.4865,2951442,97311936,0.7722,2.3605,32.971,9.8381,1001700000,,4133181150,30000000,0,123785000,51.1558,3.8805,2.2411,-597.8607,
603828.SH,柯利达,20151104,33.4865,33.4966,34.7,33.0954,34.6599,3251630,110055672,1.1734,3.504,33.8463,10.8388,1036800000,,4278009600,30000000,0,123785000,52.9483,4.0165,2.3196,-618.81,
603828.SH,柯利达,20151105,34.6599,34.4995,35.1012,33.6069,33.6971,2426048,82691114,-0.9628,-2.7778,34.0847,8.0868,1008000000,,4159176000,30000000,0,123785000,51.4775,3.905,2.2551,-601.6208,
603828.SH,柯利达,20151106,33.6971,33.5968,34.5997,33.5968,34.4794,2311610,78958171,0.7823,2.3214,34.1572,7.7054,1031400000,,4255728300,30000000,0,123785000,52.6725,3.9956,2.3075,-615.587,
603828.SH,柯利达,20151109,34.4794,34.4493,36.074,33.647,35.9637,3325687,117092794,1.4843,4.3048,35.2086,11.0856,1075800000,,4438930100,30000000,0,123785000,54.94,4.1676,2.4068,-642.087,
603828.SH,柯利达,20151110,35.9637,35.6227,36.415,34.0983,34.9006,2704124,94951834,-1.0631,-2.9559,35.1137,9.0137,1044000000,,4307718000,30000000,0,123785000,53.316,4.0444,2.3357,-623.1073,
603828.SH,柯利达,20151111,34.9006,34.9006,34.9006,34.9006,34.9006,,,0,0,,,1044000000,,4307718000,30000000,0,123785000,53.316,4.0444,2.3357,-623.1073,
603828.SH,柯利达,20151112,34.9006,34.9006,34.9006,34.9006,34.9006,,,0,0,,,1044000000,,4307718000,30000000,0,123785000,53.316,4.0444,2.3357,-623.1073,
603828.SH,柯利达,20151113,34.9006,34.9006,34.9006,34.9006,34.9006,,,0,0,,,1044000000,,4307718000,30000000,0,123785000,53.316,4.0444,2.3357,-623.1073,
603828.SH,柯利达,20151116,34.9006,34.9006,34.9006,34.9006,34.9006,,,0,0,,,1044000000,,4307718000,30000000,0,123785000,53.316,4.0444,2.3357,-623.1073,
603828.SH,柯利达,20151117,34.9006,34.9006,34.9006,34.9006,34.9006,,,0,0,,,1044000000,,4307718000,30000000,0,123785000,53.316,4.0444,2.3357,-623.1073,
603828.SH,柯利达,20151118,34.9006,34.9006,34.9006,34.9006,34.9006,,,0,0,,,1044000000,,4307718000,30000000,0,123785000,53.316,4.0444,2.3357,-623.1073,
603828.SH,柯利达,20151119,34.9006,34.9006,34.9006,34.9006,34.9006,,,0,0,,,1044000000,,4307718000,30000000,0,123785000,53.316,4.0444,2.3357,-623.1073,
603828.SH,柯利达,20151120,34.9006,34.9006,34.9006,34.9006,34.9006,,,0,0,,,1044000000,,4307718000,30000000,0,123785000,53.316,4.0444,2.3357,-623.1073,
603828.SH,柯利达,20151123,34.9006,34.9006,34.9006,34.9006,34.9006,,,0,0,,,1044000000,,4307718000,30000000,0,123785000,53.316,4.0444,2.3357,-623.1073,
603828.SH,柯利达,20151124,34.9006,34.9006,34.9006,34.9006,34.9006,,,0,0,,,1044000000,,4307718000,30000000,0,123785000,53.316,4.0444,2.3357,-623.1073,
603828.SH,柯利达,20151125,34.9006,34.9006,34.9006,34.9006,34.9006,,,0,0,,,1044000000,,4307718000,30000000,0,123785000,53.316,4.0444,2.3357,-623.1073,
603828.SH,柯利达,20151126,34.9006,34.9006,34.9006,34.9006,34.9006,,,0,0,,,1044000000,,4307718000,30000000,0,123785000,53.316,4.0444,2.3357,-623.1073,
603828.SH,柯利达,20151127,34.9006,34.9006,34.9006,34.9006,34.9006,,,0,0,,,1044000000,,4307718000,30000000,0,123785000,53.316,4.0444,2.3357,-623.1073,
603828.SH,柯利达,20151130,34.9006,34.9006,34.9006,34.9006,34.9006,,,0,0,,,1044000000,,4307718000,30000000,0,123785000,53.316,4.0444,2.3357,-623.1073,
603828.SH,柯利达,20151201,34.9006,34.9006,34.9006,34.9006,34.9006,,,0,0,,,1044000000,,4307718000,30000000,0,123785000,53.316,4.0444,2.3357,-623.1073,
603828.SH,柯利达,20151202,34.9006,34.9006,34.9006,34.9006,34.9006,,,0,0,,,1044000000,,4307718000,30000000,0,123785000,53.316,4.0444,2.3357,-623.1073,
603828.SH,柯利达,20151203,34.9006,34.9006,34.9006,34.9006,34.9006,,,0,0,,,1044000000,,4307718000,30000000,0,123785000,53.316,4.0444,2.3357,-623.1073,
603828.SH,柯利达,20151204,34.9006,34.9006,34.9006,34.9006,34.9006,,,0,0,,,1044000000,,4307718000,30000000,0,123785000,53.316,4.0444,2.3357,-623.1073,
603828.SH,柯利达,20151207,34.9006,34.9006,34.9006,34.9006,34.9006,,,0,0,,,1044000000,,4307718000,30000000,0,123785000,53.316,4.0444,2.3357,-623.1073,
603828.SH,柯利达,20151208,34.9006,34.9006,34.9006,34.9006,34.9006,,,0,0,,,1044000000,,4307718000,30000000,0,123785000,53.316,4.0444,2.3357,-623.1073,
603828.SH,柯利达,20151209,34.9006,34.9006,34.9006,34.9006,34.9006,,,0,0,,,1044000000,,4307718000,30000000,0,123785000,53.316,4.0444,2.3357,-623.1073,
603828.SH,柯利达,20151210,34.9006,34.9006,34.9006,34.9006,34.9006,,,0,0,,,1044000000,,4307718000,30000000,0,123785000,53.316,4.0444,2.3357,-623.1073,
603828.SH,柯利达,20151211,34.9006,34.9006,34.9006,34.9006,34.9006,,,0,0,,,1044000000,,4307718000,30000000,0,123785000,53.316,4.0444,2.3357,-623.1073,
603828.SH,柯利达,20151214,34.9006,34.9006,34.9006,34.9006,34.9006,,,0,0,,,1044000000,,4307718000,30000000,0,123785000,53.316,4.0444,2.3357,-623.1073,
603828.SH,柯利达,20151215,34.9006,34.9006,34.9006,34.9006,34.9006,,,0,0,,,1044000000,,4307718000,30000000,0,123785000,53.316,4.0444,2.3357,-623.1073,
603828.SH,柯利达,20151216,34.9006,34.9006,34.9006,34.9006,34.9006,,,0,0,,,1044000000,,4307718000,30000000,0,123785000,53.316,4.0444,2.3357,-623.1073,
603828.SH,柯利达,20151217,34.9006,34.9006,34.9006,34.9006,34.9006,,,0,0,,,1044000000,,4307718000,30000000,0,123785000,53.316,4.0444,2.3357,-623.1073,
603828.SH,柯利达,20151218,34.9006,34.9006,34.9006,34.9006,34.9006,,,0,0,,,1044000000,,4307718000,30000000,0,123785000,53.316,4.0444,2.3357,-623.1073,
603828.SH,柯利达,20151221,34.9006,34.9006,34.9006,34.9006,34.9006,,,0,0,,,1044000000,,4307718000,30000000,0,123785000,53.316,4.0444,2.3357,-623.1073,
603828.SH,柯利达,20151222,34.9006,34.9006,34.9006,34.9006,34.9006,,,0,0,,,1044000000,,4307718000,30000000,0,123785000,53.316,4.0444,2.3357,-623.1073,
603828.SH,柯利达,20151223,34.9006,34.9006,34.9006,34.9006,34.9006,,,0,0,,,1044000000,,4307718000,30000000,0,123785000,53.316,4.0444,2.3357,-623.1073,
603828.SH,柯利达,20151224,34.9006,34.9006,34.9006,34.9006,34.9006,,,0,0,,,1044000000,,4307718000,30000000,0,123785000,53.316,4.0444,2.3357,-623.1073,
603828.SH,柯利达,20151225,34.9006,34.9006,34.9006,34.9006,34.9006,,,0,0,,,1044000000,,4307718000,30000000,0,123785000,53.316,4.0444,2.3357,-623.1073,
603828.SH,柯利达,20151228,34.9006,34.9006,34.9006,34.9006,34.9006,,,0,0,,,1044000000,,4307718000,30000000,0,123785000,53.316,4.0444,2.3357,-623.1073,
603828.SH,柯利达,20151229,34.9006,34.9006,34.9006,34.9006,34.9006,,,0,0,,,1044000000,,4307718000,30000000,0,123785000,53.316,4.0444,2.3357,-623.1073,
603828.SH,柯利达,20151230,34.9006,34.9006,34.9006,34.9006,34.9006,,,0,0,,,1044000000,,4307718000,30000000,0,123785000,53.316,4.0444,2.3357,-623.1073,
603828.SH,柯利达,20151231,34.9006,34.9006,34.9006,34.9006,34.9006,,,0,0,,,1044000000,,4307718000,30000000,0,123785000,53.316,4.0444,2.3357,-623.1073,
603828.SH,柯利达,20160104,34.9006,34.9006,34.9006,34.9006,34.9006,,,0,0,,,1044000000,,4307718000,30000000,0,123785000,53.316,4.0444,2.6465,-86.7086,
603828.SH,柯利达,20160105,34.9006,34.9006,34.9006,34.9006,34.9006,,,0,0,,,1044000000,,4307718000,30000000,0,123785000,53.316,4.0444,2.6465,-86.7086,
603828.SH,柯利达,20160106,34.9006,34.9006,34.9006,34.9006,34.9006,,,0,0,,,1044000000,,4307718000,30000000,0,123785000,53.316,4.0444,2.6465,-86.7086,
603828.SH,柯利达,20160107,34.9006,34.9006,34.9006,34.9006,34.9006,,,0,0,,,1044000000,,4307718000,30000000,0,123785000,53.316,4.0444,2.6465,-86.7086,
603828.SH,柯利达,20160108,34.9006,34.9006,34.9006,34.9006,34.9006,,,0,0,,,1044000000,,4307718000,30000000,0,123785000,53.316,4.0444,2.6465,-86.7086,
603828.SH,柯利达,20160111,34.9006,34.9006,34.9006,34.9006,34.9006,,,0,0,,,1044000000,,4307718000,30000000,0,123785000,53.316,4.0444,2.6465,-86.7086,
603828.SH,柯利达,20160112,34.9006,34.9006,34.9006,34.9006,34.9006,,,0,0,,,1044000000,,4307718000,30000000,0,123785000,53.316,4.0444,2.6465,-86.7086,
603828.SH,柯利达,20160113,34.9006,34.9006,34.9006,34.9006,34.9006,,,0,0,,,1044000000,,4307718000,30000000,0,123785000,53.316,4.0444,2.6465,-86.7086,
603828.SH,柯利达,20160114,34.9006,34.9006,34.9006,34.9006,34.9006,,,0,0,,,1044000000,,4307718000,30000000,0,123785000,53.316,4.0444,2.6465,-86.7086,
603828.SH,柯利达,20160115,34.9006,34.9006,34.9006,34.9006,34.9006,,,0,0,,,1044000000,,4307718000,30000000,0,123785000,53.316,4.0444,2.6465,-86.7086,
603828.SH,柯利达,20160118,34.9006,34.9006,34.9006,34.9006,34.9006,,,0,0,,,1044000000,,4307718000,30000000,0,123785000,53.316,4.0444,2.6465,-86.7086,
603828.SH,柯利达,20160119,34.9006,34.9006,34.9006,34.9006,34.9006,,,0,0,,,1044000000,,4307718000,30000000,0,123785000,53.316,4.0444,2.6465,-86.7086,
603828.SH,柯利达,20160120,34.9006,34.9006,34.9006,34.9006,34.9006,,,0,0,,,1044000000,,4307718000,30000000,0,123785000,53.316,4.0444,2.6465,-86.7086,
603828.SH,柯利达,20160121,34.9006,34.9006,34.9006,34.9006,34.9006,,,0,0,,,1044000000,,4307718000,30000000,0,123785000,53.316,4.0444,2.6465,-86.7086,
603828.SH,柯利达,20160122,34.9006,34.9006,34.9006,34.9006,34.9006,,,0,0,,,1044000000,,4307718000,30000000,0,123785000,53.316,4.0444,2.6465,-86.7086,
603828.SH,柯利达,20160125,34.9006,34.9006,34.9006,34.9006,34.9006,,,0,0,,,1044000000,,4307718000,30000000,0,123785000,53.316,4.0444,2.6465,-86.7086,
603828.SH,柯利达,20160126,34.9006,34.9006,34.9006,34.9006,34.9006,,,0,0,,,1044000000,,4307718000,30000000,0,123785000,53.316,4.0444,2.6465,-86.7086,
603828.SH,柯利达,20160127,34.9006,34.9006,34.9006,34.9006,34.9006,,,0,0,,,1044000000,,4307718000,30000000,0,123785000,53.316,4.0444,2.6465,-86.7086,
603828.SH,柯利达,20160128,34.9006,34.9006,34.9006,34.9006,34.9006,,,0,0,,,1044000000,,4307718000,30000000,0,123785000,53.316,4.0444,2.6465,-86.7086,
603828.SH,柯利达,20160129,34.9006,34.9006,34.9006,34.9006,34.9006,,,0,0,,,1044000000,,4307718000,30000000,0,123785000,53.316,4.0444,2.6465,-86.7086,
603828.SH,柯利达,20160201,34.9006,34.9006,34.9006,34.9006,34.9006,,,0,0,,,1044000000,,4307718000,30000000,0,123785000,53.316,4.0444,2.6465,-86.7086,
603828.SH,柯利达,20160202,34.9006,34.9006,34.9006,34.9006,34.9006,,,0,0,,,1044000000,,4307718000,30000000,0,123785000,53.316,4.0444,2.6465,-86.7086,
603828.SH,柯利达,20160203,34.9006,34.9006,34.9006,34.9006,34.9006,,,0,0,,,1044000000,,4307718000,30000000,0,123785000,53.316,4.0444,2.6465,-86.7086,
603828.SH,柯利达,20160204,34.9006,34.9006,34.9006,34.9006,34.9006,,,0,0,,,1044000000,,4307718000,30000000,0,123785000,53.316,4.0444,2.6465,-86.7086,
603828.SH,柯利达,20160205,34.9006,34.9006,34.9006,34.9006,34.9006,,,0,0,,,1044000000,,4307718000,30000000,0,123785000,53.316,4.0444,2.6465,-86.7086,
603828.SH,柯利达,20160215,34.9006,34.9006,34.9006,34.9006,34.9006,,,0,0,,,1044000000,,4307718000,30000000,0,123785000,53.316,4.0444,2.6465,-86.7086,
603828.SH,柯利达,20160216,34.9006,34.9006,34.9006,34.9006,34.9006,,,0,0,,,1044000000,,4307718000,30000000,0,123785000,53.316,4.0444,2.6465,-86.7086,
603828.SH,柯利达,20160217,34.9006,34.9006,34.9006,34.9006,34.9006,,,0,0,,,1044000000,,4307718000,30000000,0,123785000,53.316,4.0444,2.6465,-86.7086,
603828.SH,柯利达,20160218,34.9006,34.9006,34.9006,34.9006,34.9006,,,0,0,,,1044000000,,4307718000,30000000,0,123785000,53.316,4.0444,2.6465,-86.7086,
603828.SH,柯利达,20160219,34.9006,34.9006,34.9006,34.9006,34.9006,,,0,0,,,1044000000,,4307718000,30000000,0,123785000,53.316,4.0444,2.6465,-86.7086,
603828.SH,柯利达,20160222,34.9006,34.9006,34.9006,34.9006,34.9006,,,0,0,,,1044000000,,4307718000,30000000,0,123785000,53.316,4.0444,2.6465,-86.7086,
603828.SH,柯利达,20160223,34.9006,34.9006,34.9006,34.9006,34.9006,,,0,0,,,1044000000,,4307718000,30000000,0,123785000,53.316,4.0444,2.6465,-86.7086,
603828.SH,柯利达,20160224,34.9006,34.9006,34.9006,34.9006,34.9006,,,0,0,,,1044000000,,4307718000,30000000,0,123785000,53.316,4.0444,2.6465,-86.7086,
603828.SH,柯利达,20160225,34.9006,34.9006,34.9006,34.9006,34.9006,,,0,0,,,1044000000,,4307718000,30000000,0,123785000,53.316,4.0444,2.6465,-86.7086,
603828.SH,柯利达,20160226,34.9006,34.9006,34.9006,34.9006,34.9006,,,0,0,,,1044000000,,4307718000,30000000,0,123785000,53.316,4.0444,2.6465,-86.7086,
603828.SH,柯利达,20160229,34.9006,34.9006,34.9006,34.9006,34.9006,,,0,0,,,1044000000,,4307718000,30000000,0,123785000,53.316,4.0444,2.6465,-86.7086,
603828.SH,柯利达,20160301,34.9006,34.9006,34.9006,34.9006,34.9006,,,0,0,,,1044000000,,4307718000,30000000,0,123785000,53.316,4.0444,2.6465,-86.7086,
603828.SH,柯利达,20160302,34.9006,34.9006,34.9006,34.9006,34.9006,,,0,0,,,1044000000,,4307718000,30000000,0,123785000,53.316,4.0444,2.6465,-86.7086,
603828.SH,柯利达,20160303,34.9006,31.4105,33.0954,31.4105,31.4105,6681090,212710447,-3.4901,-10,31.8377,16.6694,1255305600,,3876946200,40080000,0,123785000,47.9844,3.64,2.3818,-78.0377,
603828.SH,柯利达,20160304,31.4105,29.7658,29.7658,28.2715,28.2715,4898249,140133273,-3.139,-9.9936,28.6089,12.2212,1129855200,,3489499150,40080000,0,123785000,43.189,3.2762,2.1438,-70.2389,
603828.SH,柯利达,20160307,28.2715,28.0809,29.1942,27.6497,28.4821,2937809,83554243,0.2106,0.7449,28.441,7.3299,1138272000,,3515494000,40080000,0,123785000,43.5108,3.3006,2.1598,-70.7622,
603828.SH,柯利达,20160308,28.4821,28.0709,28.3818,25.9749,27.6998,2407490,64865213,-0.7823,-2.7465,26.9431,6.0067,1107009600,,3418941700,40080000,0,123785000,42.3157,3.21,2.1005,-68.8187,
603828.SH,柯利达,20160309,27.6998,26.6268,27.4491,26.3861,27.3689,1566174,42092491,-0.331,-1.1948,26.876,3.9076,1093783200,,3378092650,40080000,0,123785000,41.8102,3.1716,2.0754,-67.9965,
603828.SH,柯利达,20160310,27.3689,27.4792,27.5594,26.4061,26.5666,1304599,35113950,-0.8023,-2.9315,26.9155,3.255,1061719200,,3279064650,40080000,0,123785000,40.5845,3.0786,2.0145,-66.0032,
603828.SH,柯利达,20160311,26.5666,26.0852,26.9076,25.9548,26.6669,1224849,32244793,0.1003,0.3775,26.3255,3.056,1065727200,,3291443150,40080000,0,123785000,40.7377,3.0903,2.0221,-66.2523,
603828.SH,柯利达,20160314,26.6669,26.8173,27.8603,26.8173,27.5193,2133558,58496677,0.8525,3.1967,27.4174,5.3232,1099795200,,3396660400,40080000,0,123785000,42.04,3.189,2.0868,-68.3702,
603828.SH,柯利达,20160315,27.5193,27.5795,27.74,26.7672,26.9176,2414141,65444870,-0.6017,-2.1866,27.109,6.0233,1075747200,,3322389400,40080000,0,123785000,41.1207,3.1193,2.0411,-66.8752,
603828.SH,柯利达,20160316,26.9176,27.1583,27.3789,26.4763,26.7471,1207968,32439040,-0.1705,-0.6334,26.8542,3.0139,1068933600,,3301345950,40080000,0,123785000,40.8603,3.0996,2.0282,-66.4516,
603828.SH,柯利达,20160317,26.7471,26.9778,27.6296,26.707,27.5394,1839916,49997627,0.7923,2.9621,27.1739,4.5906,1100596800,,3399136100,40080000,0,123785000,42.0706,3.1914,2.0883,-68.42,
603828.SH,柯利达,20160318,27.5394,27.7199,28.6626,27.5494,28.442,2750058,77239984,0.9026,3.2775,28.0867,6.8614,1136668800,,3510542600,40080000,0,123785000,43.4495,3.296,2.1567,-70.6625,
603828.SH,柯利达,20160321,28.442,28.8331,29.3747,28.462,29.2644,3119834,89689219,0.8224,2.8914,28.7481,7.784,1169534400,,3612046300,40080000,0,123785000,44.7058,3.3913,2.2191,-72.7056,
603828.SH,柯利达,20160322,29.2644,28.8933,29.475,28.7629,28.9535,2714783,78833996,-0.3109,-1.0624,29.0388,6.7734,1157109600,,3573672950,40080000,0,123785000,44.2308,3.3552,2.1955,-71.9332,
603828.SH,柯利达,20160323,28.9535,28.783,31.8518,28.7429,31.0696,5962484,180309584,2.1161,7.3086,30.2407,14.8765,1241678400,,3834859300,40080000,0,123785000,47.4635,3.6005,2.356,-77.1905,
603828.SH,柯利达,20160324,31.0696,30.5882,30.8991,29.5051,29.5251,3701247,111956328,-1.5445,-4.9709,30.2483,9.2346,1179955200,,3644230400,40080000,0,123785000,45.1041,3.4215,2.2389,-73.3534,
603828.SH,柯利达,20160325,29.5251,29.5151,30.0165,29.2844,29.6555,2471409,73123207,0.1304,0.4416,29.5877,6.1662,1185165600,,3660322450,40080000,0,123785000,45.3033,3.4366,2.2487,-73.6774,
603828.SH,柯利达,20160328,29.6555,29.7658,30.8389,29.5151,29.9463,3097051,93777781,0.2908,0.9807,30.2797,7.7272,1196788800,,3696220100,40080000,0,123785000,45.7476,3.4703,2.2708,-74.3999,
603828.SH,柯利达,20160329,29.9463,29.6354,30.167,28.3918,29.144,1775791,51747628,-0.8023,-2.6792,29.1406,4.4306,1164724800,,3597192100,40080000,0,123785000,44.5219,3.3773,2.21,-72.4066,
603828.SH,柯利达,20160330,29.144,29.3045,30.5781,29.3045,30.3976,1914749,57310852,1.2536,4.3014,29.9313,4.7773,1214824800,,3751923350,40080000,0,123785000,46.437,3.5226,2.305,-75.5212,
603828.SH,柯利达,20160331,30.3976,30.3976,32.1126,30.2873,31.5008,4221584,131712849,1.1032,3.6292,31.1999,10.5329,1258912800,,3888086850,40080000,0,123785000,48.1223,3.6504,2.3887,-78.2619,
603828.SH,柯利达,20160401,31.5008,31.4707,32.7945,31.1498,32.5739,3676953,118072450,1.0731,3.4066,32.1115,9.174,1301798400,,4020536800,40080000,0,123785000,49.7616,3.7748,2.47,-80.928,
603828.SH,柯利达,20160405,32.5739,32.5739,34.4393,31.3604,33.6971,4061027,132847181,1.1232,3.4483,32.7127,10.1323,1346688000,,4159176000,40080000,0,123785000,51.4775,3.905,2.5552,-83.7186,
603828.SH,柯利达,20160406,33.6971,33.6771,34.9407,33.3762,34.8605,5017618,172075509,1.1634,3.4524,34.2943,12.519,1393180800,,4302766600,40080000,0,123785000,53.2547,4.0398,2.6434,-86.6089,
603828.SH,柯利达,20160407,34.8605,34.8605,35.4522,34.1785,35.3419,4396628,153216539,0.4814,1.3809,34.8486,10.9696,1412419200,,4362183400,40080000,0,123785000,53.9901,4.0956,2.6799,-87.8049,
603828.SH,柯利达,20160408,35.3419,35.6026,35.7531,34.3089,35.3519,5822901,204509899,0.01,0.0284,35.1217,14.5282,1412820000,,4363421250,40080000,0,123785000,54.0054,4.0967,2.6807,-87.8298,
603828.SH,柯利达,20160411,35.3519,31.8418,33.5868,31.8418,32.9349,11028495,357965770,-2.417,-6.8369,32.4583,27.5162,1316227200,,4065099400,40080000,0,123785000,73.7129,4.1004,2.4974,-81.825,
603828.SH,柯利达,20160412,32.9349,32.3131,32.3733,31.21,31.6011,4866302,154468930,-1.3338,-4.0499,31.7426,12.1415,1262920800,,3900465350,40080000,0,123785000,70.7276,3.9343,2.3963,-78.5111,
603828.SH,柯利达,20160413,31.6011,31.6813,32.3332,31.5911,31.8017,3640224,116291811,0.2006,0.6347,31.9463,9.0824,1270936800,,3925222350,40080000,0,123785000,71.1765,3.9593,2.4115,-79.0094,
603828.SH,柯利达,20160414,31.8017,32.0424,32.5739,31.8719,32.5338,3127290,100526275,0.7321,2.3021,32.1449,7.8026,1300195200,,4015585400,40080000,0,123785000,72.8151,4.0504,2.467,-80.8283,
603828.SH,柯利达,20160415,32.5338,32.4937,33.296,32.3432,32.4134,3327892,108595894,-0.1203,-0.3699,32.632,8.3031,1295385600,,4000731200,40080000,0,123785000,72.5457,4.0355,2.4579,-80.5293,
603828.SH,柯利达,20160418,32.4134,31.7916,31.8919,30.8991,31.1598,2491190,77715139,-1.2536,-3.8676,31.196,6.2155,1245285600,,3845999950,40080000,0,123785000,69.74,3.8794,2.3628,-77.4148,
603828.SH,柯利达,20160419,31.1598,31.4607,31.4908,30.6885,31.3604,3064189,95243961,0.2006,0.6437,31.0829,7.6452,1253301600,,3870756950,40080000,0,123785000,70.1889,3.9044,2.378,-77.9131,
603828.SH,柯利达,20160420,31.3604,31.2902,31.5008,28.8431,29.2944,4040325,121701133,-2.066,-6.5878,30.1216,10.0807,1170736800,,3615759850,40080000,0,123785000,65.565,3.6471,2.2214,-72.7804,
603828.SH,柯利达,20160421,29.2944,29.2944,29.5251,28.6827,28.7529,2071016,60192196,-0.5416,-1.8487,29.0641,5.1672,1149093600,,3548915950,40080000,0,123785000,64.3529,3.5797,2.1803,-71.4349,
603828.SH,柯利达,20160422,28.7529,28.432,29.4449,28.432,29.4048,1543261,44666425,0.6519,2.2672,28.9429,3.8505,1175145600,,3629376200,40080000,0,123785000,65.8119,3.6609,2.2297,-73.0545,
603828.SH,柯利达,20160425,29.4048,29.1039,29.5652,28.7027,29.3747,1495505,43441894,-0.0301,-0.1023,29.0483,3.7313,1173943200,,3625662650,40080000,0,123785000,65.7446,3.6571,2.2275,-72.9797,
603828.SH,柯利达,20160426,29.3747,29.3646,29.6856,29.2242,29.5452,1702534,50006458,0.1705,0.5804,29.3718,4.2478,1180756800,,3646706100,40080000,0,123785000,66.1262,3.6784,2.2404,-73.4033,
603828.SH,柯利达,20160427,29.5452,29.5652,30.4177,29.5652,30.0065,2376144,71307719,0.4613,1.5614,30.0098,5.9285,1199193600,,3703647200,40080000,0,123785000,67.1587,3.7358,2.2754,-74.5494,
603828.SH,柯利达,20160428,30.0065,29.8862,29.9864,28.5924,29.5753,1830740,53517857,-0.4312,-1.4372,29.2329,4.5677,1181959200,,3650419650,40080000,0,123785000,74.4128,3.6086,2.2427,-73.478,
603828.SH,柯利达,20160429,29.5753,29.4048,29.836,29.0838,29.5753,1463195,42988139,0,0,29.3796,3.6507,1181959200,,3650419650,40080000,0,123785000,74.4128,3.6086,2.2427,-73.478,
603828.SH,柯利达,20160503,29.5753,29.5753,29.5753,29.5753,29.5753,,,0,0,,,1181959200,,3650419650,40080000,0,123785000,74.4128,3.6086,2.2427,-73.478,
603828.SH,柯利达,20160504,29.5753,29.5753,29.5753,29.5753,29.5753,,,0,0,,,1181959200,,3650419650,40080000,0,123785000,74.4128,3.6086,2.2427,-73.478,
603828.SH,柯利达,20160505,29.5753,29.5753,29.5753,29.5753,29.5753,,,0,0,,,1181959200,,3650419650,40080000,0,123785000,74.4128,3.6086,2.2427,-73.478,
603828.SH,柯利达,20160506,29.5753,29.5753,29.5753,29.5753,29.5753,,,0,0,,,1181959200,,3650419650,40080000,0,123785000,74.4128,3.6086,2.2427,-73.478,
603828.SH,柯利达,20160509,29.5753,29.0838,29.0838,27.3789,28.0208,1975181,55281979,-1.5545,-5.256,27.9883,4.9281,1119835200,,3458552900,40080000,0,123785000,70.5017,3.419,2.1248,-69.616,
603828.SH,柯利达,20160510,28.0208,27.9105,28.3417,27.6998,28.2013,1252070,35066868,0.1805,0.6442,28.0071,3.1239,1127049600,,3480834200,40080000,0,123785000,70.9559,3.441,2.1385,-70.0645,
603828.SH,柯利达,20160511,28.2013,28.2013,28.5022,27.6597,27.7099,1153294,32335830,-0.4914,-1.7425,28.0378,2.8775,1107410400,,3420179550,40080000,0,123785000,69.7195,3.381,2.1012,-68.8436,
603828.SH,柯利达,20160512,27.7099,27.4792,27.9506,26.7571,27.9105,1119547,30468925,0.2006,0.7239,27.2154,2.7933,1115426400,,3444936550,40080000,0,123785000,70.2241,3.4055,2.1164,-69.3419,
603828.SH,柯利达,20160513,27.9105,28.0809,28.5523,27.7299,28.2715,1123554,31659495,0.361,1.2936,28.178,2.8033,1129855200,,3489499150,40080000,0,123785000,71.1325,3.4495,2.1438,-70.2389,
603828.SH,柯利达,20160516,28.2715,28.2715,28.9033,27.9807,28.8933,1134658,32168490,0.6218,2.1994,28.3508,2.831,1154704800,,3566245850,40080000,0,123785000,72.697,3.5254,2.191,-71.7837,
603828.SH,柯利达,20160517,28.8933,28.8331,29.0638,28.2815,28.5824,1185978,33911122,-0.3109,-1.076,28.5934,2.959,1142280000,,3527872500,40080000,0,123785000,71.9148,3.4875,2.1674,-71.0113,
603828.SH,柯利达,20160518,28.5824,28.5222,28.5222,27.1884,27.4792,1334234,36868266,-1.1032,-3.8596,27.6325,3.3289,1098192000,,3391709000,40080000,0,123785000,69.1391,3.3529,2.0837,-68.2705,
603828.SH,柯利达,20160519,27.4792,27.76,28.1913,27.4892,27.6798,984109,27311007,0.2006,0.7299,27.752,2.4554,1106208000,,3416466000,40080000,0,123785000,69.6438,3.3774,2.0989,-68.7689,
603828.SH,柯利达,20160520,27.6798,27.389,28.0509,27.1282,28.0007,792649,21871503,0.3209,1.1594,27.5929,1.9777,1119033600,,3456077200,40080000,0,123785000,70.4512,3.4165,2.1233,-69.5662,
603828.SH,柯利达,20160523,28.0007,28.2314,28.8632,28.1913,28.6125,1714754,48844091,0.6118,2.1848,28.4846,4.2783,1143482400,,3531586050,40080000,0,123785000,71.9905,3.4912,2.1697,-71.0861,
603828.SH,柯利达,20160524,28.6125,28.5824,28.5824,28.101,28.4921,1252170,35360481,-0.1203,-0.4206,28.2394,3.1242,1138672800,,3516731850,40080000,0,123785000,71.6877,3.4765,2.1605,-70.7871,
603828.SH,柯利达,20160525,28.4921,28.6827,28.8532,28.3016,28.7027,1318790,37655005,0.2106,0.7392,28.5527,3.2904,1147089600,,3542726700,40080000,0,123785000,72.2176,3.5022,2.1765,-71.3103,
603828.SH,柯利达,20160526,28.7027,28.8431,29.3546,28.432,29.3346,2147145,61985040,0.6318,2.2013,28.8686,5.3571,1172340000,,3620711250,40080000,0,123785000,73.8073,3.5793,2.2244,-72.88,
603828.SH,柯利达,20160527,29.3346,29.3446,30.8389,29.0838,30.4879,4099839,122783075,1.1533,3.9316,29.9483,10.2291,1218432000,,3763064000,40080000,0,123785000,76.7091,3.72,2.3119,-75.7454,
603828.SH,柯利达,20160530,30.4879,30.1369,30.4377,29.6354,29.7658,2079095,62140828,-0.7221,-2.3684,29.8884,5.1874,1189574400,,3673938800,40080000,0,123785000,74.8923,3.6319,2.2571,-73.9514,
603828.SH,柯利达,20160531,29.7658,29.7357,30.879,29.7357,30.7286,3049560,92715533,0.9628,3.2345,30.4029,7.6087,1228051200,,3792772400,40080000,0,123785000,77.3147,3.7494,2.3301,-76.3434,
603828.SH,柯利达,20160601,30.7286,30.7386,31.2802,30.4879,30.7085,2984947,91906163,-0.0201,-0.0653,30.7899,7.4475,1227249600,,3790296700,40080000,0,123785000,77.2642,3.7469,2.3286,-76.2936,
603828.SH,柯利达,20160602,30.7085,30.7386,30.9392,30.2171,30.7587,2510709,76446775,0.0501,0.1633,30.4483,6.2642,1229253600,,3796485950,40080000,0,123785000,77.3904,3.753,2.3324,-76.4181,
603828.SH,柯利达,20160603,30.7587,30.8489,31.2802,30.2271,31.0896,3089729,95160434,0.331,1.076,30.799,7.7089,1242480000,,3837335000,40080000,0,123785000,78.2231,3.7934,2.3575,-77.2404,
603828.SH,柯利达,20160606,31.0896,31.2802,31.2802,30.5681,31.0495,2254930,69514421,-0.0401,-0.129,30.8278,5.6261,1240876800,,3832383600,40080000,0,123785000,78.1221,3.7885,2.3545,-77.1407,
603828.SH,柯利达,20160607,31.0495,30.9994,31.5911,30.6885,31.4807,2558409,79468675,0.4312,1.3889,31.0618,6.3833,1258111200,,3885611150,40080000,0,123785000,79.2072,3.8411,2.3872,-78.2121,
603828.SH,柯利达,20160608,31.4807,31.4406,31.4707,30.7687,31.0395,1840131,57162706,-0.4413,-1.4017,31.0645,4.5911,1240476000,,3831145750,40080000,0,123785000,78.0969,3.7873,2.3537,-77.1158,
603828.SH,柯利达,20160613,31.0395,30.3575,30.4779,28.6125,28.7027,2221568,66085498,-2.3367,-7.5283,29.7472,5.5428,1147089600,,3542726700,40080000,0,123785000,72.2176,3.5022,2.1765,-71.3103,
603828.SH,柯利达,20160614,28.7027,28.3818,28.8632,28.3116,28.6526,1403544,39924651,-0.0501,-0.1747,28.4456,3.5019,1145085600,,3536537450,40080000,0,123785000,72.0914,3.496,2.1727,-71.1857,
603828.SH,柯利达,20160615,28.6526,28.462,29.9864,28.1913,29.6755,1908031,56092773,1.0229,3.5702,29.3983,4.7606,1185967200,,3662798150,40080000,0,123785000,74.6652,3.6209,2.2503,-73.7272,
603828.SH,柯利达,20160616,29.6755,29.6154,30.2472,29.4649,30.0867,1808553,54153948,0.4112,1.3856,29.9432,4.5124,1202400000,,3713550000,40080000,0,123785000,75.6997,3.671,2.2814,-74.7488,
603828.SH,柯利达,20160617,30.0867,30.2372,31.0495,30.1369,30.7988,2359862,72235156,0.7121,2.3667,30.6099,5.8879,1230856800,,3801437350,40080000,0,123785000,77.4913,3.7579,2.3354,-76.5178,
603828.SH,柯利达,20160620,30.7988,30.9392,31.3403,30.3876,31.1197,2415659,74490624,0.3209,1.042,30.8366,6.0271,1243682400,,3841048550,40080000,0,123785000,78.2988,3.7971,2.3598,-77.3151,
603828.SH,柯利达,20160621,31.1197,31.21,31.3905,30.4377,30.6383,2094899,64661903,-0.4814,-1.5469,30.8664,5.2268,1224444000,,3781631750,40080000,0,123785000,77.0876,3.7383,2.3233,-76.1191,
603828.SH,柯利达,20160622,30.6383,30.5781,32.3733,30.2873,32.2129,4201643,133095267,1.5745,5.1391,31.677,10.4831,1287369600,,3975974200,40080000,0,123785000,81.0492,3.9305,2.4427,-80.031,
603828.SH,柯利达,20160623,32.2129,31.912,32.253,31.4406,32.0223,2761259,87612761,-0.1905,-0.5915,31.7293,6.8894,1279754400,,3952455050,40080000,0,123785000,80.5698,3.9072,2.4282,-79.5576,
603828.SH,柯利达,20160624,32.0223,31.8418,32.3834,30.4678,31.2701,2881439,90526275,-0.7522,-2.3489,31.417,7.1892,1249694400,,3859616300,40080000,0,123785000,78.6773,3.8154,2.3712,-77.6889,
603828.SH,柯利达,20160627,31.2701,31.1097,32.4134,31.1097,32.3633,2757259,88080591,1.0932,3.4958,31.945,6.8794,1293381600,,3994541950,40080000,0,123785000,81.4277,3.9488,2.4541,-80.4047,
603828.SH,柯利达,20160628,32.3633,32.1226,32.9951,32.0323,32.5639,2426538,78824632,0.2006,0.6198,32.4844,6.0542,1301397600,,4019298950,40080000,0,123785000,81.9324,3.9733,2.4693,-80.9031,
603828.SH,柯利达,20160629,32.5639,32.6842,32.7544,32.273,32.4736,2103109,68168457,-0.0903,-0.2772,32.4132,5.2473,1297790400,,4008158300,40080000,0,123785000,81.7053,3.9623,2.4624,-80.6788,
603828.SH,柯利达,20160630,32.4736,32.5739,33.1957,32.4034,32.8748,2637836,86442013,0.4012,1.2353,32.77,6.5814,1313822400,,4057672300,40080000,0,123785000,82.7146,4.0112,2.4929,-81.6755,
603828.SH,柯利达,20160701,32.8748,32.9951,33.3862,32.7544,33.286,2780515,91846225,0.4112,1.2508,33.0321,6.9374,1330255200,,4108424150,40080000,0,123785000,83.7492,4.0614,2.524,-82.697,
603828.SH,柯利达,20160704,33.286,33.2458,33.6269,32.7544,33.4464,3260678,108323803,0.1605,0.4821,33.2213,8.1354,1336668000,,4128229750,40080000,0,123785000,84.1529,4.081,2.5362,-83.0957,
603828.SH,柯利达,20160705,33.4464,33.4966,33.5367,32.9349,33.2057,2246188,74408148,-0.2407,-0.7196,33.1264,5.6043,1327048800,,4098521350,40080000,0,123785000,83.5473,4.0516,2.518,-82.4977,
603828.SH,柯利达,20160706,33.2057,33.0954,34.5997,32.8748,34.2186,3598671,121440963,1.0129,3.0504,33.7461,8.9787,1367529600,,4223544200,40080000,0,123785000,86.0958,4.1752,2.5948,-85.0143,
603828.SH,柯利达,20160707,34.2186,34.3891,34.3891,33.6971,34.2588,3156689,107038428,0.0401,0.1172,33.9084,7.876,1369132800,,4228495600,40080000,0,123785000,86.1968,4.1801,2.5978,-85.1139,
603828.SH,柯利达,20160708,34.2588,34.1284,35.0912,34.0983,34.5596,2675326,92104364,0.3009,0.8782,34.4273,6.675,1381156800,,4265631100,40080000,0,123785000,86.9538,4.2168,2.6206,-85.8614,
603828.SH,柯利达,20160711,34.5596,34.4493,34.7502,33.9378,34.2588,2283157,78199220,-0.3009,-0.8706,34.2505,5.6965,1369132800,,4228495600,40080000,0,123785000,86.1968,4.1801,2.5978,-85.1139,
603828.SH,柯利达,20160712,34.2588,34.1083,34.2788,32.594,33.9278,2476679,82806222,-0.331,-0.966,33.4344,6.1793,1355906400,,4187646550,40080000,0,123785000,85.3641,4.1397,2.5727,-84.2917,
603828.SH,柯利达,20160713,33.9278,33.9278,34.0983,33.3762,33.6971,1417393,47677892,-0.2307,-0.6799,33.6377,3.5364,1346688000,,4159176000,40080000,0,123785000,84.7837,4.1116,2.5552,-83.7186,
603828.SH,柯利达,20160714,33.6971,33.6971,34.3891,33.6971,34.3691,2041205,69464078,0.6719,1.994,34.0309,5.0928,1373541600,,4215484160,40080000,0,123008000,85.9315,4.1672,2.5898,-84.852,
603828.SH,柯利达,20160715,34.3691,34.3691,34.5095,34.008,34.339,1456547,49784135,-0.0301,-0.0875,34.1796,3.6341,1372339200,,4211793920,40080000,0,123008000,85.8563,4.1636,2.5875,-84.7777,
603828.SH,柯利达,20160718,34.339,34.339,35.7731,34.1184,35.1814,2739076,95958953,0.8424,2.4533,35.0333,6.834,1406006400,,4315120640,40080000,0,123008000,87.9626,4.2657,2.651,-86.8576,
603828.SH,柯利达,20160719,35.1814,35.8333,35.8534,34.2287,34.4593,2399680,83035462,-0.7221,-2.0525,34.6027,5.9872,1377148800,,4226554880,40080000,0,123008000,86.1572,4.1782,2.5966,-85.0749,
603828.SH,柯利达,20160720,34.4593,34.0983,34.9006,34.0983,34.4192,1070009,36911482,-0.0401,-0.1164,34.4964,2.6697,1375545600,,4221634560,40080000,0,123008000,86.0569,4.1733,2.5936,-84.9758,
603828.SH,柯利达,20160721,34.4192,34.6198,34.7301,34.2186,34.3189,1211061,41501664,-0.1003,-0.2914,34.2688,3.0216,1371537600,,4209333760,40080000,0,123008000,85.8062,4.1611,2.586,-84.7282,
603828.SH,柯利达,20160722,34.3189,34.1986,34.4393,33.1756,33.6971,1848945,62631430,-0.6218,-1.8118,33.8741,4.6131,1346688000,,4133068800,40080000,0,123008000,84.2515,4.0858,2.5392,-83.1931,
603828.SH,柯利达,20160725,33.6971,33.682,34.2711,32.9872,33.244,1511827,33625071,-0.4531,-1.3447,22.2413,2.5147,1323241200,,4061109120,60120000,0,184512000,82.7847,4.0146,2.495,-81.7447,
603828.SH,柯利达,20160726,33.244,33.1232,33.6065,32.7909,33.4706,2277185,50118278,0.2266,0.6815,22.0089,3.7877,1332259200,,4088785920,60120000,0,184512000,83.3488,4.042,2.512,-82.3017,
603828.SH,柯利达,20160727,33.4706,33.4857,33.8029,30.7972,31.2956,3127407,66845583,-2.175,-6.4982,21.3741,5.2019,1245686400,,3823088640,60120000,0,184512000,77.9327,3.7793,2.3487,-76.9536,
603828.SH,柯利达,20160728,31.2956,31.2956,31.4617,30.4498,31.1446,2150101,44137980,-0.151,-0.4826,20.5283,3.5763,1239674400,,3804637440,60120000,0,184512000,77.5565,3.7611,2.3374,-76.5822,
603828.SH,柯利达,20160729,31.1446,31.0992,31.2654,30.5555,30.7821,1322112,26944898,-0.3625,-1.1639,20.3802,2.1991,1225245600,,3760354560,60120000,0,184512000,76.6538,3.7173,2.3102,-75.6909,
603828.SH,柯利达,20160801,30.7821,30.7669,30.918,29.9211,30.5706,1467945,29436764,-0.2115,-0.6869,20.053,2.4417,1216828800,,3734522880,60120000,0,184512000,76.1273,3.6918,2.2943,-75.1709,
603828.SH,柯利达,20160802,30.5706,30.7065,31.4164,30.6008,31.3409,1447948,29709664,0.7703,2.5198,20.5185,2.4084,1247490000,,3828624000,60120000,0,184512000,78.0455,3.7848,2.3521,-77.065,
603828.SH,柯利达,20160803,31.3409,32.8513,34.4825,32.3076,34.4825,4258550,95094054,3.1416,10.0241,22.3301,7.0834,1372539600,,4212408960,60120000,0,184512000,85.8689,4.1642,2.5879,-84.7901,
603828.SH,柯利达,20160804,34.4825,37.6091,37.6091,35.1924,35.7513,12533906,300754958,1.2687,3.6794,23.9953,20.8481,1423040400,,4367399040,60120000,0,184512000,89.0283,4.3174,2.6831,-87.9099,
603828.SH,柯利达,20160805,35.7513,36.2346,39.2252,35.8721,36.7935,10654164,263138209,1.0422,2.9151,24.6982,17.7215,1464523200,,4494712320,60120000,0,184512000,91.6235,4.4433,2.7614,-90.4725,
603828.SH,柯利达,20160808,36.7935,36.2497,38.7268,35.4945,37.745,9854957,242558542,0.9516,2.5862,24.6128,16.3921,1502398800,,4610954880,60120000,0,184512000,93.9931,4.5582,2.8328,-92.8123,
603828.SH,柯利达,20160809,37.745,37.156,37.745,36.295,37.1862,6783188,165617288,-0.5588,-1.4806,24.4158,11.2827,1480154400,,4542685440,60120000,0,184512000,92.6015,4.4907,2.7908,-91.4381,
603828.SH,柯利达,20160810,37.1862,36.8086,36.9294,36.0534,36.431,5684336,137053858,-0.7552,-2.0309,24.1108,9.455,1450094400,,4450429440,60120000,0,184512000,90.7208,4.3995,2.7342,-89.5811,
603828.SH,柯利达,20160811,36.431,36.4461,36.9898,35.7966,35.9627,4052154,97443366,-0.4682,-1.2852,24.0473,6.7401,1431457200,,4393230720,60120000,0,184512000,89.5549,4.3429,2.699,-88.4298,
603828.SH,柯利达,20160812,35.9627,36.3252,36.3252,35.4643,36.0836,3339644,79294889,0.1208,0.336,23.7435,5.555,1436266800,,4407991680,60120000,0,184512000,89.8558,4.3575,2.7081,-88.7269,
603828.SH,柯利达,20160815,36.0836,36.3252,37.6393,35.5398,37.2164,6546044,159747260,1.1328,3.1394,24.4036,10.8883,1481356800,,4546375680,60120000,0,184512000,92.6767,4.4943,2.7931,-91.5124,
603828.SH,柯利达,20160816,37.2164,36.7935,37.0502,36.4914,36.9143,4524802,110252183,-0.3021,-0.8117,24.3662,7.5263,1469332800,,4509473280,60120000,0,184512000,91.9244,4.4578,2.7704,-90.7696,
603828.SH,柯利达,20160817,36.9143,36.8388,37.8356,35.7664,37.5789,7404101,180503426,0.6646,1.8003,24.3788,12.3155,1495785600,,4590658560,60120000,0,184512000,93.5794,4.5381,2.8203,-92.4038,
603828.SH,柯利达,20160818,37.5789,37.0049,37.2768,36.4008,36.6877,4033849,98306521,-0.8911,-2.3714,24.3704,6.7097,1460314800,,4481796480,60120000,0,184512000,95.9299,4.4652,2.7534,-90.2125,
603828.SH,柯利达,20160819,36.6877,36.5518,36.7028,36.0534,36.295,2482766,59537386,-0.3927,-1.0704,23.9803,4.1297,1444683600,,4433823360,60120000,0,184512000,94.903,4.4174,2.724,-89.2469,
603828.SH,柯利达,20160822,36.295,36.295,36.5971,35.7815,36.3101,2072939,49568854,0.0151,0.0416,23.9124,3.448,1445284800,,4435668480,60120000,0,184512000,94.9425,4.4192,2.7251,-89.284,
603828.SH,柯利达,20160823,36.3101,36.4008,36.5669,35.5096,35.7815,2016700,48006590,-0.5286,-1.4559,23.8045,3.3545,1424242800,,4371089280,60120000,0,184512000,93.5602,4.3549,2.6854,-87.9841,
603828.SH,柯利达,20160824,35.7815,35.7362,36.3403,35.7362,35.9174,1657295,39482332,0.1359,0.3799,23.8234,2.7566,1429653600,,4387695360,60120000,0,184512000,93.9157,4.3714,2.6956,-88.3184,
603828.SH,柯利达,20160825,35.9174,35.857,35.9476,33.9841,34.4977,3237762,74440377,-1.4198,-3.9529,22.9913,5.3855,1373140800,,4214254080,60120000,0,184512000,90.2033,4.1986,2.5891,-84.8272,
603828.SH,柯利达,20160826,34.4977,34.4523,34.8753,34.12,34.5128,1921342,43981655,0.0151,0.0438,22.8911,3.1958,1373742000,,4216099200,60120000,0,184512000,90.2428,4.2005,2.5902,-84.8644,
603828.SH,柯利达,20160829,34.5128,34.4372,34.4372,33.8784,34.2862,1394650,31583488,-0.2266,-0.6565,22.6462,2.3198,1364724000,,4188422400,60120000,0,184512000,89.6504,4.1729,2.5732,-84.3073,
603828.SH,柯利达,20160830,34.2862,34.4825,35.6758,34.3315,35.3737,3039384,70595452,1.0875,3.1718,23.2269,5.0555,1408010400,,4321271040,60120000,0,184512000,92.4939,4.3053,2.6548,-86.9814,
603828.SH,柯利达,20160831,35.3737,35.0867,36.2195,35.0867,35.6002,2488550,58751459,0.2266,0.6405,23.6087,4.1393,1417028400,,4348947840,60120000,0,184512000,93.0863,4.3328,2.6718,-87.5385,
603828.SH,柯利达,20160901,35.6002,35.6607,35.9174,35.1622,35.5398,2120947,49991917,-0.0604,-0.1697,23.5706,3.5279,1414623600,,4341567360,60120000,0,184512000,92.9283,4.3255,2.6673,-87.3899,
603828.SH,柯利达,20160902,35.5398,35.3133,35.6456,34.7242,34.7393,1105434,25666303,-0.8005,-2.2524,23.2183,1.8387,1382760000,,4243776000,60120000,0,184512000,90.8352,4.228,2.6072,-85.4215,
603828.SH,柯利达,20160905,34.7393,34.6487,36.7028,34.3617,35.8419,2407252,56879544,1.1026,3.1739,23.6284,4.0041,1426647600,,4378469760,60120000,0,184512000,93.7182,4.3622,2.6899,-88.1327,
603828.SH,柯利达,20160906,35.8419,35.57,36.1893,35.3133,35.8721,1779586,42127118,0.0302,0.0843,23.6724,2.9601,1427850000,,4382160000,60120000,0,184512000,93.7972,4.3659,2.6922,-88.207,
603828.SH,柯利达,20160907,35.8721,35.7966,36.4763,35.7966,36.0836,2491911,59727873,0.2115,0.5895,23.9687,4.1449,1436266800,,4407991680,60120000,0,184512000,94.3501,4.3917,2.7081,-88.7269,
603828.SH,柯利达,20160908,36.0836,36.0383,37.307,36.0383,36.6877,3158469,77015155,0.6042,1.6743,24.3837,5.2536,1460314800,,4481796480,60120000,0,184512000,95.9299,4.4652,2.7534,-90.2125,
603828.SH,柯利达,20160909,36.6877,36.582,36.9747,35.9476,35.9627,1867901,44772985,-0.725,-1.9761,23.9697,3.107,1431457200,,4393230720,60120000,0,184512000,94.0342,4.3769,2.699,-88.4298,
603828.SH,柯利达,20160912,35.9627,34.9357,35.3284,34.3768,34.4372,1601113,36827058,-1.5255,-4.2419,23.0009,2.6632,1370736000,,4206873600,60120000,0,184512000,90.0453,4.1913,2.5845,-84.6787,
603828.SH,柯利达,20160913,34.4372,34.845,35.0414,34.543,34.8148,826591,19003116,0.3776,1.0965,22.9897,1.3749,1385766000,,4253001600,60120000,0,184512000,91.0327,4.2372,2.6129,-85.6072,
603828.SH,柯利达,20160914,34.8148,34.7242,35.1924,34.4523,35.0263,1280150,29603894,0.2115,0.6074,23.1253,2.1293,1394182800,,4278833280,60120000,0,184512000,91.5856,4.263,2.6287,-86.1271,
603828.SH,柯利达,20160919,35.0263,35.0263,36.2497,34.7695,36.0836,2256564,52952377,1.0573,3.0185,23.4659,3.7534,1436266800,,4407991680,60120000,0,184512000,94.3501,4.3917,2.7081,-88.7269,
603828.SH,柯利达,20160920,36.0836,36.3252,36.7633,36.0836,36.4159,4830386,116495281,0.3323,0.9209,24.1172,8.0346,1449493200,,4448584320,60120000,0,184512000,95.219,4.4321,2.733,-89.544,
603828.SH,柯利达,20160921,36.4159,36.4461,36.582,35.9174,36.4008,3638650,87091306,-0.0151,-0.0415,23.9351,6.0523,1448892000,,4446739200,60120000,0,184512000,95.1795,4.4303,2.7319,-89.5069,
603828.SH,柯利达,20160922,36.4008,36.4008,36.7784,36.3252,36.5367,3148297,76113202,0.1359,0.3734,24.176,5.2367,1454302800,,4463345280,60120000,0,184512000,95.5349,4.4468,2.7421,-89.8411,
603828.SH,柯利达,20160923,36.5367,36.6273,36.6726,36.2799,36.4914,1802223,43489949,-0.0453,-0.124,24.1313,2.9977,1452499200,,4457809920,60120000,0,184512000,95.4164,4.4413,2.7387,-89.7297,
603828.SH,柯利达,20160926,36.4914,36.5518,36.5518,36.0987,36.4008,2544452,61152789,-0.0906,-0.2483,24.0338,4.2323,1448892000,,4446739200,60120000,0,184512000,95.1795,4.4303,2.7319,-89.5069,
603828.SH,柯利达,20160927,36.4008,36.295,36.7028,36.295,36.582,3731853,90239210,0.1812,0.4979,24.1808,6.2073,1456106400,,4468880640,60120000,0,184512000,95.6534,4.4523,2.7455,-89.9525,
603828.SH,柯利达,20160928,36.582,36.5971,36.9898,36.4008,36.4763,3718257,90167397,-0.1057,-0.289,24.2499,6.1847,1451898000,,4455964800,60120000,0,184512000,95.3769,4.4394,2.7376,-89.6926,
603828.SH,柯利达,20160929,36.4763,36.4612,36.7935,36.3252,36.5216,2801600,67726408,0.0453,0.1242,24.1742,4.66,1453701600,,4461500160,60120000,0,184512000,95.4954,4.445,2.741,-89.804,
603828.SH,柯利达,20160930,36.5216,36.4763,36.733,36.4159,36.6122,2478899,59975361,0.0906,0.2481,24.1944,4.1233,1457308800,,4472570880,60120000,0,184512000,95.7324,4.456,2.7478,-90.0268,
603828.SH,柯利达,20161010,36.6122,36.7028,36.9294,36.3857,36.7784,4164381,101155045,0.1661,0.4538,24.2905,6.9268,1463922000,,4492867200,60120000,0,184512000,96.1668,4.4762,2.7602,-90.4354,
603828.SH,柯利达,20161011,36.7784,36.7028,36.9747,36.5216,36.6877,3456786,83972313,-0.0906,-0.2464,24.292,5.7498,1460314800,,4481796480,60120000,0,184512000,95.9299,4.4652,2.7534,-90.2125,
603828.SH,柯利达,20161012,36.6877,36.7028,36.7028,36.0836,36.144,3434016,82489726,-0.5437,-1.4821,24.0214,5.7119,1438671600,,4415372160,60120000,0,184512000,94.5081,4.399,2.7126,-88.8755,
603828.SH,柯利达,20161013,36.144,36.1591,36.3857,35.9476,36.0836,1889450,45178364,-0.0604,-0.1672,23.9109,3.1428,1436266800,,4407991680,60120000,0,184512000,94.3501,4.3917,2.7081,-88.7269,
603828.SH,柯利达,20161014,36.0836,35.993,36.0685,35.3435,35.706,2003028,47255395,-0.3776,-1.0465,23.592,3.3317,1421236800,,4361863680,60120000,0,184512000,93.3628,4.3457,2.6797,-87.7984,
603828.SH,柯利达,20161017,35.706,35.9476,35.9476,35.4341,35.4945,1528382,36120372,-0.2115,-0.5922,23.6331,2.5422,1412820000,,4336032000,60120000,0,184512000,92.8099,4.32,2.6639,-87.2785,
603828.SH,柯利达,20161018,35.4945,35.8721,36.431,35.7966,36.4159,2932803,70270230,0.9213,2.5957,23.9601,4.8782,1449493200,,4448584320,60120000,0,184512000,95.219,4.4321,2.733,-89.544,
603828.SH,柯利达,20161019,36.4159,36.4461,36.5669,36.0987,36.3252,1923036,46184756,-0.0906,-0.2489,24.0166,3.1987,1445886000,,4437513600,60120000,0,184512000,94.982,4.4211,2.7262,-89.3212,
603828.SH,柯利达,20161020,36.3252,36.2044,36.5367,36.0383,36.4008,2060462,49513704,0.0755,0.2079,24.0304,3.4272,1448892000,,4446739200,60120000,0,184512000,95.1795,4.4303,2.7319,-89.5069,
603828.SH,柯利达,20161021,36.4008,36.4008,36.5216,35.6456,36.0383,1725404,41148405,-0.3625,-0.9959,23.8486,2.8699,1434463200,,4402456320,60120000,0,184512000,94.2316,4.3861,2.7047,-88.6155,
603828.SH,柯利达,20161024,36.0383,35.9627,36.3403,35.7211,36.144,1524641,36491887,0.1057,0.2934,23.9347,2.536,1438671600,,4415372160,60120000,0,184512000,94.5081,4.399,2.7126,-88.8755,
603828.SH,柯利达,20161025,36.144,36.144,37.5336,36.144,37.4429,7234596,178028760,1.2989,3.5938,24.608,12.0336,1490374800,,4574052480,60120000,0,184512000,97.9045,4.5571,2.8101,-92.0695,
603828.SH,柯利达,20161026,37.4429,37.307,37.3221,36.6726,36.8388,3566500,87224185,-0.6042,-1.6136,24.4565,5.9323,1466326800,,4500247680,60120000,0,184512000,96.3248,4.4836,2.7648,-90.5839,
603828.SH,柯利达,20161027,36.8388,36.7935,37.2013,36.3252,36.5669,2270400,55013137,-0.2719,-0.738,24.2306,3.7764,1455505200,,4467035520,60120000,0,184512000,95.6139,4.4505,2.7444,-89.9154,
603828.SH,柯利达,20161028,36.5669,36.4008,36.5367,35.6456,35.6909,2795148,66750998,-0.876,-2.3957,23.881,4.6493,1420635600,,4360018560,60120000,0,184512000,98.82,4.3103,2.6786,-87.7613,
603828.SH,柯利达,20161031,35.6909,35.4945,35.57,34.9206,35.4341,1772368,41268745,-0.2568,-0.7194,23.2845,2.9481,1410415200,,4328651520,60120000,0,184512000,98.109,4.2793,2.6593,-87.1299,
603828.SH,柯利达,20161101,35.4341,35.5549,36.1591,35.2075,36.0685,1942530,46068587,0.6344,1.7903,23.7158,3.2311,1435665600,,4406146560,60120000,0,184512000,99.8655,4.3559,2.707,-88.6898,
603828.SH,柯利达,20161102,36.0685,35.993,36.2497,35.7362,35.8872,1843650,43890801,-0.1812,-0.5025,23.8065,3.0666,1428451200,,4384005120,60120000,0,184512000,99.3636,4.334,2.6933,-88.2441,
603828.SH,柯利达,20161103,35.8872,35.9174,36.1893,35.4945,36.144,2342200,55718900,0.2568,0.7155,23.7891,3.8959,1438671600,,4415372160,60120000,0,184512000,100.0746,4.3651,2.7126,-88.8755,
603828.SH,柯利达,20161104,36.144,36.0232,36.4914,35.857,36.295,2425531,58298049,0.151,0.4179,24.0352,4.0345,1444683600,,4433823360,60120000,0,184512000,100.4928,4.3833,2.724,-89.2469,
603828.SH,柯利达,20161107,36.295,36.5065,36.6575,36.1138,36.3252,2238021,53947066,0.0302,0.0832,24.1048,3.7226,1445886000,,4437513600,60120000,0,184512000,100.5764,4.3869,2.7262,-89.3212,
603828.SH,柯利达,20161108,36.3252,36.4008,37.307,36.4008,37.1409,4749886,116448326,0.8156,2.2453,24.516,7.9007,1478350800,,4537150080,60120000,0,184512000,102.8347,4.4854,2.7874,-91.3267,
603828.SH,柯利达,20161109,37.1409,36.9294,37.2315,36.0081,36.5216,3703488,89877549,-0.6193,-1.6673,24.2684,6.1602,1453701600,,4461500160,60120000,0,184512000,101.12,4.4107,2.741,-89.804,
603828.SH,柯利达,20161110,36.5216,36.6575,38.0622,36.6575,37.7752,5385008,133612449,1.2536,3.4326,24.8119,8.9571,1503601200,,4614645120,60120000,0,184512000,104.5911,4.5621,2.835,-92.8866,
603828.SH,柯利达,20161111,37.7752,37.7752,38.3341,37.5034,37.8205,3335424,83419758,0.0453,0.12,25.0102,5.5479,1505404800,,4620180480,60120000,0,184512000,104.7165,4.5675,2.8384,-92.998,
603828.SH,柯利达,20161114,37.8205,37.9112,41.5059,37.8356,40.0106,8007439,211906843,2.1901,5.7907,26.4637,13.3191,1592578800,,4887722880,60120000,0,184512000,110.7804,4.832,3.0028,-98.3833,
603828.SH,柯利达,20161115,40.0106,39.8747,40.5544,39.3461,40.0559,4875967,129014378,0.0453,0.1133,26.4592,8.1104,1594382400,,4893258240,60120000,0,184512000,110.9059,4.8375,3.0062,-98.4947,
603828.SH,柯利达,20161116,40.0559,39.8747,40.3278,38.5304,38.8929,5258219,136467590,-1.163,-2.9035,25.9532,8.7462,1548090000,,4751184000,60120000,0,184512000,107.6857,4.697,2.9189,-95.6349,
603828.SH,柯利达,20161117,38.8929,39.0138,39.2554,38.5304,38.9382,2619502,67499630,0.0453,0.1165,25.7681,4.3571,1549893600,,4756719360,60120000,0,184512000,107.8112,4.7025,2.9223,-95.7463,
603828.SH,柯利达,20161118,38.9382,39.1044,39.6632,38.4096,39.1648,3244014,84312930,0.2266,0.5818,25.9903,5.3959,1558911600,,4784396160,60120000,0,184512000,108.4385,4.7299,2.9393,-96.3034,
603828.SH,柯利达,20161121,39.1648,39.8747,40.5997,39.4065,40.4033,5236467,139236067,1.2385,3.1624,26.5897,8.71,1608210000,,4935696000,60120000,0,184512000,111.8677,4.8794,3.0323,-99.3489,
603828.SH,柯利达,20161122,40.4033,40.4486,40.932,39.8445,40.6752,4507598,120041126,0.2719,0.6729,26.6308,7.4977,1619031600,,4968908160,60120000,0,184512000,112.6205,4.9123,3.0527,-100.0174,
603828.SH,柯利达,20161123,40.6752,40.6903,40.6903,39.5424,39.633,3255056,86444451,-1.0422,-2.5622,26.557,5.4143,1577548800,,4841594880,60120000,0,184512000,109.7349,4.7864,2.9745,-97.4548,
603828.SH,柯利达,20161124,39.633,39.5424,39.8294,38.4549,38.7419,2654920,68727458,-0.8911,-2.2485,25.8868,4.416,1542078000,,4732732800,60120000,0,184512000,107.2675,4.6788,2.9076,-95.2635,
603828.SH,柯利达,20161125,38.7419,38.9684,39.8747,37.9867,39.8445,2808967,72802341,1.1026,2.846,25.9178,4.6723,1585965600,,4867426560,60120000,0,184512000,110.3204,4.812,2.9903,-97.9747,
603828.SH,柯利达,20161128,39.8445,39.7388,40.1315,39.0591,39.1799,2413018,63143057,-0.6646,-1.6679,26.1677,4.0137,1559512800,,4786241280,60120000,0,184512000,108.4803,4.7317,2.9405,-96.3406,
603828.SH,柯利达,20161129,39.1799,39.2705,39.2705,38.2284,38.9533,2272976,58246181,-0.2266,-0.5783,25.6255,3.7807,1550494800,,4758564480,60120000,0,184512000,107.853,4.7043,2.9235,-95.7835,
603828.SH,柯利达,20161130,38.9533,38.3643,39.633,38.0622,38.47,2066975,52777389,-0.4833,-1.2408,25.5336,3.4381,1531256400,,4699520640,60120000,0,184512000,106.5148,4.646,2.8872,-94.595,
603828.SH,柯利达,20161201,38.47,38.5304,39.4065,38.183,38.6966,2653118,68162998,0.2266,0.5889,25.6917,4.413,1540274400,,4727197440,60120000,0,184512000,107.1421,4.6733,2.9042,-95.1521,
603828.SH,柯利达,20161202,38.6966,38.4851,38.6966,37.0049,37.0653,2757509,68912852,-1.6312,-4.2155,24.991,4.5867,1475344800,,4527924480,60120000,0,184512000,102.6256,4.4763,2.7818,-91.141,
603828.SH,柯利达,20161205,37.0653,36.8237,37.2617,36.2497,37.0653,1437417,35215113,0,0,24.4989,2.3909,1475344800,,4527924480,60120000,0,184512000,102.6256,4.4763,2.7818,-91.141,
603828.SH,柯利达,20161206,37.0653,37.0653,37.5638,37.0653,37.2466,1046374,25857749,0.1812,0.489,24.7118,1.7405,1482559200,,4550065920,60120000,0,184512000,103.1274,4.4982,2.7954,-91.5867,
603828.SH,柯利达,20161207,37.2466,37.1107,37.9414,37.1107,37.8961,1197262,29771067,0.6495,1.7437,24.866,1.9915,1508410800,,4629406080,60120000,0,184512000,104.9256,4.5766,2.8441,-93.1837,
603828.SH,柯利达,20161208,37.8961,37.9414,37.9414,37.3674,37.458,1015069,25290112,-0.438,-1.1558,24.9147,1.6884,1490976000,,4575897600,60120000,0,184512000,103.7129,4.5237,2.8112,-92.1066,
603828.SH,柯利达,20161209,37.458,37.458,37.745,37.0653,37.1409,985452,24463757,-0.3172,-0.8468,24.8249,1.6391,1478350800,,4537150080,60120000,0,184512000,102.8347,4.4854,2.7874,-91.3267,
603828.SH,柯利达,20161212,37.1409,37.156,37.2919,34.5128,34.845,2284066,54568035,-2.2958,-6.1814,23.8907,3.7992,1386968400,,4256691840,60120000,0,184512000,96.4781,4.2082,2.6151,-85.6815,
603828.SH,柯利达,20161213,34.845,34.8904,35.3586,34.1503,34.9055,1123043,25890290,0.0604,0.1734,23.0537,1.868,1389373200,,4264072320,60120000,0,184512000,96.6453,4.2155,2.6197,-85.83,
603828.SH,柯利达,20161214,34.9055,35.1622,35.1622,34.4372,34.6185,891939,20541192,-0.287,-0.8222,23.0298,1.4836,1377950400,,4229015040,60120000,0,184512000,95.8508,4.1808,2.5981,-85.1244,
603828.SH,柯利达,20161215,34.6185,34.6185,35.1169,34.4372,34.9206,1333374,30767341,0.3021,0.8726,23.0748,2.2179,1389974400,,4265917440,60120000,0,184512000,96.6872,4.2173,2.6208,-85.8672,
603828.SH,柯利达,20161216,34.9206,35.1471,36.7633,35.0263,36.4008,2679214,64203582,1.4802,4.2388,23.9636,4.4564,1448892000,,4446739200,60120000,0,184512000,100.7855,4.3961,2.7319,-89.5069,
603828.SH,柯利达,20161219,36.4008,36.2195,36.869,36.0685,36.5367,1213926,29347285,0.1359,0.3734,24.1755,2.0192,1454302800,,4463345280,60120000,0,184512000,101.1619,4.4125,2.7421,-89.8411,
603828.SH,柯利达,20161220,36.5367,36.3101,36.8237,36.2648,36.4763,1296677,31401919,-0.0604,-0.1654,24.2172,2.1568,1451898000,,4455964800,60120000,0,184512000,100.9946,4.4052,2.7376,-89.6926,
603828.SH,柯利达,20161221,36.4763,36.5216,37.0049,36.4763,36.9747,2006050,48740045,0.4984,1.3665,24.2965,3.3367,1471737600,,4516853760,60120000,0,184512000,102.3746,4.4654,2.775,-90.9182,
603828.SH,柯利达,20161222,36.9747,36.9143,36.9294,35.9476,36.1289,1686611,40557258,-0.8458,-2.2876,24.0466,2.8054,1438070400,,4413527040,60120000,0,184512000,100.0327,4.3632,2.7115,-88.8383,
603828.SH,柯利达,20161223,36.1289,36.0836,36.1289,35.1924,35.3133,1188386,27958841,-0.8156,-2.2575,23.5267,1.9767,1405605600,,4313890560,60120000,0,184512000,97.7745,4.2647,2.6503,-86.8328,
603828.SH,柯利达,20161226,35.3133,35.2982,36.3101,34.694,36.2346,1376031,32593677,0.9213,2.6091,23.6867,2.2888,1442278800,,4426442880,60120000,0,184512000,100.3255,4.376,2.7194,-89.0983,
603828.SH,柯利达,20161227,36.2346,36.295,36.6424,35.993,36.144,1758610,42248241,-0.0906,-0.2501,24.0237,2.9252,1438671600,,4415372160,60120000,0,184512000,100.0746,4.3651,2.7126,-88.8755,
603828.SH,柯利达,20161228,36.144,36.1893,36.7028,35.9476,36.0232,826619,19846013,-0.1208,-0.3343,24.0087,1.3749,1433862000,,4400611200,60120000,0,184512000,99.74,4.3505,2.7035,-88.5784,
603828.SH,柯利达,20161229,36.0232,36.3252,36.3706,35.7815,35.993,1047962,25013391,-0.0302,-0.0839,23.8686,1.7431,1432659600,,4396920960,60120000,0,184512000,99.6564,4.3468,2.7013,-88.5041,
603828.SH,柯利达,20161230,35.993,36.2195,36.6877,35.6758,36.1591,2270456,54519397,0.1661,0.4616,24.0125,3.7765,1439272800,,4417217280,60120000,0,184512000,100.1164,4.3669,2.7138,-88.9126,
603828.SH,柯利达,20170103,36.1591,36.1591,36.6122,36.1591,36.4159,1171838,28254583,0.2568,0.7101,24.1113,1.9492,1449493200,,4448584320,60120000,0,184512000,100.8273,4.3979,2.7176,201.8934,
603828.SH,柯利达,20170104,36.4159,36.6877,36.9596,36.3252,36.8992,1528861,37093157,0.4833,1.3273,24.262,2.543,1468731600,,4507628160,60120000,0,184512000,102.1655,4.4563,2.7536,204.573,
603828.SH,柯利达,20170105,36.8992,36.6877,37.0955,36.5216,36.6273,951698,23179272,-0.2719,-0.7368,24.3557,1.583,1457910000,,4474416000,60120000,0,184512000,101.4128,4.4234,2.7333,203.0657,
603828.SH,柯利达,20170106,36.6273,36.431,36.7784,36.2648,36.7179,1455972,35169126,0.0906,0.2474,24.1551,2.4218,1461517200,,4485486720,60120000,0,184512000,101.6637,4.4344,2.7401,203.5681,
603828.SH,柯利达,20170109,36.7179,36.7028,37.8961,36.2648,37.5638,3386365,84163156,0.8458,2.3036,24.8535,5.6327,1495184400,,4588813440,60120000,0,184512000,104.0056,4.5365,2.8032,208.2575,
603828.SH,柯利达,20170110,37.5638,37.3825,37.881,37.3372,37.4127,2100046,52385573,-0.151,-0.4021,24.945,3.4931,1489172400,,4570362240,60120000,0,184512000,103.5874,4.5183,2.792,207.4201,
603828.SH,柯利达,20170111,37.4127,37.307,38.1377,37.2164,37.7752,2308776,57819693,0.3625,0.9689,25.0434,3.8403,1503601200,,4614645120,60120000,0,184512000,104.5911,4.5621,2.819,209.4298,
603828.SH,柯利达,20170112,37.7752,37.6091,37.9867,37.3221,37.8659,2081520,51985257,0.0906,0.2399,24.9747,3.4623,1507208400,,4625715840,60120000,0,184512000,104.842,4.573,2.8258,209.9323,
603828.SH,柯利达,20170113,37.8659,37.9867,38.7872,37.1258,37.2164,2644890,66606404,-0.6495,-1.7152,25.1831,4.3994,1481356800,,4546375680,60120000,0,184512000,103.0438,4.4946,2.7773,206.3315,
603828.SH,柯利达,20170116,37.2164,37.0351,37.1258,34.8753,35.9778,3939415,94604164,-1.2385,-3.3279,24.0148,6.5526,1432058400,,4395075840,60120000,0,184512000,99.6145,4.345,2.6849,199.465,
603828.SH,柯利达,20170117,35.9778,35.9778,36.2346,35.0716,35.4643,1384459,32659803,-0.5135,-1.4274,23.5903,2.3028,1411617600,,4332341760,60120000,0,184512000,98.1927,4.283,2.6466,196.6179,
603828.SH,柯利达,20170118,35.4643,35.4945,35.993,35.1924,35.6456,892264,21061873,0.1812,0.5111,23.605,1.4841,1418832000,,4354483200,60120000,0,184512000,98.6945,4.3049,2.6601,197.6227,
603828.SH,柯利达,20170119,35.6456,35.4945,35.7966,35.2982,35.5096,473874,11177138,-0.1359,-0.3814,23.5867,0.7882,1413421200,,4337877120,60120000,0,184512000,98.3181,4.2884,2.6499,196.8691,
603828.SH,柯利达,20170120,35.5096,35.7362,36.5216,35.5096,36.4763,1280892,30643639,0.9667,2.7222,23.9237,2.1306,1451898000,,4455964800,60120000,0,184512000,100.9946,4.4052,2.7221,202.2283,
603828.SH,柯利达,20170123,36.4763,36.8086,37.2466,35.9778,36.6575,1688379,40749039,0.1812,0.4969,24.135,2.8083,1459112400,,4478106240,60120000,0,184512000,101.4964,4.4271,2.7356,203.2332,
603828.SH,柯利达,20170124,36.6575,36.8539,37.5487,36.4008,37.4429,3416876,83548561,0.7854,2.1426,24.4517,5.6834,1490374800,,4574052480,60120000,0,184512000,103.6711,4.5219,2.7942,207.5876,
603828.SH,柯利达,20170125,37.4429,37.156,37.156,35.5851,35.857,3814449,91481805,-1.5859,-4.2356,23.983,6.3447,1427248800,,4380314880,60120000,0,184512000,99.28,4.3304,2.6759,198.7951,
603828.SH,柯利达,20170126,35.857,37.4278,37.4278,35.6456,36.0987,1225773,29426478,0.2417,0.674,24.0065,2.0389,1436868000,,4409836800,60120000,0,184512000,99.9491,4.3596,2.6939,200.1349,
603828.SH,柯利达,20170203,36.0987,35.6607,35.9476,35.2377,35.3435,1277450,30006253,-0.7552,-2.0921,23.4892,2.1248,1406808000,,4317580800,60120000,0,184512000,97.8581,4.2684,2.6375,195.948,
603828.SH,柯利达,20170206,35.3435,35.7362,37.02,35.4643,36.8388,3569667,85853047,1.4953,4.2308,24.0507,5.9376,1466326800,,4500247680,60120000,0,184512000,101.9983,4.449,2.7491,204.2381,
603828.SH,柯利达,20170207,36.8388,36.8388,36.869,36.3403,36.6877,1336511,32381885,-0.151,-0.41,24.2287,2.2231,1460314800,,4481796480,60120000,0,184512000,101.5801,4.4307,2.7378,203.4007,
603828.SH,柯利达,20170208,36.6877,36.8388,38.1981,36.4914,37.6544,4563101,113256919,0.9667,2.6348,24.8202,7.59,1498791600,,4599884160,60120000,0,184512000,104.2565,4.5475,2.81,208.7599,
603828.SH,柯利达,20170209,37.6544,37.7148,37.8961,37.1862,37.4883,2022424,50239650,-0.1661,-0.4412,24.8413,3.364,1492178400,,4579587840,60120000,0,184512000,103.7965,4.5274,2.7976,207.8388,
603828.SH,柯利达,20170210,37.4883,37.307,37.6544,37.2315,37.3372,1475010,36538129,-0.151,-0.4029,24.7714,2.4534,1486166400,,4561136640,60120000,0,184512000,103.3783,4.5092,2.7863,207.0014,
603828.SH,柯利达,20170213,37.3372,37.458,37.7299,37.2919,37.458,1634069,40552350,0.1208,0.3236,24.8168,2.718,1490976000,,4575897600,60120000,0,184512000,103.7129,4.5237,2.7953,207.6713,
603828.SH,柯利达,20170214,37.458,37.6091,37.6091,36.8086,37.156,1419757,34870885,-0.3021,-0.8065,24.5612,2.3615,1478952000,,4538995200,60120000,0,184512000,102.8765,4.4873,2.7728,205.9966,
603828.SH,柯利达,20170215,37.156,37.1107,37.8659,36.7784,37.745,3195536,79358826,0.5891,1.5854,24.8343,5.3153,1502398800,,4610954880,60120000,0,184512000,104.5074,4.5584,2.8168,209.2624,
603828.SH,柯利达,20170216,37.745,37.6544,38.1679,37.3523,37.6393,2332820,58406778,-0.1057,-0.2801,25.037,3.8803,1498190400,,4598039040,60120000,0,184512000,104.2147,4.5456,2.8089,208.6762,
603828.SH,柯利达,20170217,37.6393,37.6997,37.6997,36.8539,37.156,1551853,38260425,-0.4833,-1.2841,24.6547,2.5813,1478952000,,4538995200,60120000,0,184512000,102.8765,4.4873,2.7728,205.9966,
603828.SH,柯利达,20170220,37.156,36.8539,37.6393,36.733,37.458,1182866,29183714,0.3021,0.813,24.672,1.9675,1490976000,,4575897600,60120000,0,184512000,103.7129,4.5237,2.7953,207.6713,
603828.SH,柯利达,20170221,37.458,37.4731,37.5789,37.1711,37.458,1124757,27812735,0,0,24.7278,1.8709,1490976000,,4575897600,60120000,0,184512000,103.7129,4.5237,2.7953,207.6713,
603828.SH,柯利达,20170222,37.458,37.3825,37.745,37.307,37.6695,1334945,33181914,0.2115,0.5645,24.8564,2.2205,1499392800,,4601729280,60120000,0,184512000,104.2983,4.5493,2.8111,208.8437,
603828.SH,柯利达,20170223,37.6695,37.8659,38.7872,37.6997,37.9716,3937655,99472461,0.3021,0.8019,25.2619,6.5497,1511416800,,4638631680,60120000,0,184512000,105.1347,4.5858,2.8337,210.5184,
603828.SH,柯利达,20170224,37.9716,37.7148,38.3492,37.6091,37.745,1751400,44000975,-0.2266,-0.5967,25.1233,2.9132,1502398800,,4610954880,60120000,0,184512000,104.5074,4.5584,2.8168,209.2624,
603828.SH,柯利达,20170227,37.745,37.4731,37.7601,37.0049,37.1258,1531550,37806539,-0.6193,-1.6407,24.6851,2.5475,1477749600,,4535304960,60120000,0,184512000,102.7928,4.4836,2.7705,205.8291,
603828.SH,柯利达,20170228,37.1258,37.0351,38.183,37.02,38.1528,2852630,71321679,1.0271,2.7665,25.0021,4.7449,1518631200,,4660773120,60120000,0,184512000,105.6366,4.6077,2.8472,211.5233,
603828.SH,柯利达,20170301,38.1528,38.0169,38.6664,37.8507,38.5606,2778055,70477400,0.4078,1.0689,25.3693,4.6208,1534863600,,4710591360,60120000,0,184512000,106.7657,4.6569,2.8776,213.7842,
603828.SH,柯利达,20170302,38.5606,38.5153,39.0893,37.881,37.9414,4131264,105676157,-0.6193,-1.606,25.5796,6.8717,1510214400,,4634941440,60120000,0,184512000,105.0511,4.5821,2.8314,210.351,
603828.SH,柯利达,20170303,37.9414,37.8054,38.3794,37.7148,37.8507,1423911,35770741,-0.0906,-0.2389,25.1215,2.3684,1506607200,,4623870720,60120000,0,184512000,104.8002,4.5712,2.8246,209.8485,
603828.SH,柯利达,20170306,37.8507,38.0018,38.5153,37.8356,38.47,1779722,45106160,0.6193,1.6361,25.3445,2.9603,1531256400,,4699520640,60120000,0,184512000,106.5148,4.646,2.8709,213.2818,
603828.SH,柯利达,20170307,38.47,38.4096,39.195,38.1679,39.0893,3935893,100718729,0.6193,1.6097,25.5898,6.5467,1555905600,,4775170560,60120000,0,184512000,108.2294,4.7208,2.9171,216.7151,
603828.SH,柯利达,20170308,39.0893,38.8929,38.9987,38.4398,38.6664,1582870,40572478,-0.4229,-1.0819,25.6322,2.6329,1539072000,,4723507200,60120000,0,184512000,107.0584,4.6697,2.8855,214.3704,
603828.SH,柯利达,20170309,38.6664,38.6513,38.908,37.9112,38.1528,1303184,33004381,-0.5135,-1.3281,25.326,2.1676,1518631200,,4660773120,60120000,0,184512000,105.6366,4.6077,2.8472,211.5233,
603828.SH,柯利达,20170310,38.1528,38.47,38.47,37.7601,37.9414,1348099,34026319,-0.2115,-0.5542,25.2402,2.2423,1510214400,,4634941440,60120000,0,184512000,105.0511,4.5821,2.8314,210.351,
603828.SH,柯利达,20170313,37.9414,37.9112,39.0893,37.9112,39.0742,2249542,57501891,1.1328,2.9857,25.5616,3.7418,1555304400,,4773325440,60120000,0,184512000,108.1876,4.7189,2.9159,216.6313,
603828.SH,柯利达,20170314,39.0742,39.0893,39.2101,37.9867,38.0471,2776740,70706413,-1.0271,-2.6285,25.4638,4.6187,1514422800,,4647857280,60120000,0,184512000,105.3438,4.5949,2.8393,210.9371,
603828.SH,柯利达,20170315,38.0471,37.9263,38.5455,37.9112,38.3341,1438240,36424227,0.287,0.7543,25.3256,2.3923,1525845600,,4682914560,60120000,0,184512000,106.1384,4.6295,2.8607,212.5282,
603828.SH,柯利达,20170316,38.3341,38.2132,40.4637,38.2132,39.4669,4103899,107206627,1.1328,2.9551,26.1231,6.8262,1570935600,,4821298560,60120000,0,184512000,109.2749,4.7664,2.9452,218.8085,
603828.SH,柯利达,20170317,39.4669,39.6632,39.6632,38.5606,38.6513,2798533,72443825,-0.8156,-2.0666,25.8864,4.6549,1538470800,,4721662080,60120000,0,184512000,107.0166,4.6679,2.8844,214.2867,
603828.SH,柯利达,20170320,38.6513,38.2132,39.2554,38.2132,39.1346,1723981,44184500,0.4833,1.2505,25.6293,2.8676,1557709200,,4780705920,60120000,0,184512000,108.3549,4.7262,2.9204,216.9663,
603828.SH,柯利达,20170321,39.1346,39.3763,39.4971,38.8476,39.2856,1860684,48213316,0.151,0.386,25.9116,3.095,1563721200,,4799157120,60120000,0,184512000,108.7731,4.7445,2.9317,217.8037,
603828.SH,柯利达,20170322,39.2856,39.1497,39.7539,38.5455,39.5122,2493320,64706294,0.2266,0.5767,25.9519,4.1472,1572739200,,4826833920,60120000,0,184512000,109.4004,4.7718,2.9486,219.0598,
603828.SH,柯利达,20170323,39.5122,39.4367,39.7237,38.606,39.1044,2112741,54816554,-0.4078,-1.0321,25.9457,3.5142,1556506800,,4777015680,60120000,0,184512000,108.2712,4.7226,2.9182,216.7988,
603828.SH,柯利达,20170324,39.1044,38.9533,39.2705,38.6966,39.0742,1433716,37007749,-0.0302,-0.0772,25.8125,2.3848,1555304400,,4773325440,60120000,0,184512000,108.1876,4.7189,2.9159,216.6313,
603828.SH,柯利达,20170327,39.0742,38.9684,40.0106,38.8325,39.7539,3076885,80496617,0.6797,1.7395,26.1617,5.1179,1582358400,,4856355840,60120000,0,184512000,110.0695,4.801,2.9667,220.3996,
603828.SH,柯利达,20170328,39.7539,39.8747,40.1617,39.3612,39.8898,1731389,45478262,0.1359,0.3419,26.2669,2.8799,1587769200,,4872961920,60120000,0,184512000,110.4458,4.8174,2.9768,221.1532,
603828.SH,柯利达,20170329,39.8898,39.8143,41.0075,39.6632,39.92,4669392,125061117,0.0302,0.0757,26.7832,7.7668,1588971600,,4876652160,60120000,0,184512000,110.5295,4.8211,2.9791,221.3207,
603828.SH,柯利达,20170330,39.92,39.9955,39.9955,38.7117,38.8778,2945210,76360611,-1.0422,-2.6107,25.9271,4.8989,1547488800,,4749338880,60120000,0,184512000,107.6439,4.6952,2.9013,215.5427,
603828.SH,柯利达,20170331,38.8778,39.0138,39.1497,37.7903,38.8778,2188328,55664994,0,0,25.4372,3.6399,1547488800,,4749338880,60120000,0,184512000,107.6439,4.6952,2.9013,215.5427,
603828.SH,柯利达,20170405,38.8778,38.8174,39.4216,38.6664,39.3763,2825722,73176914,0.4984,1.2821,25.8967,4.7001,1567328400,,4810227840,60120000,0,184512000,109.024,4.7554,2.9385,218.3061,
603828.SH,柯利达,20170406,39.3763,39.3914,40.7809,39.3914,39.6481,2836746,75146546,0.2719,0.6904,26.4904,4.7185,1578150000,,4843440000,60120000,0,184512000,109.7767,4.7882,2.9588,219.8134,
603828.SH,柯利达,20170407,39.6481,39.9653,39.9653,38.2737,38.3492,2693004,69657546,-1.2989,-3.2762,25.8661,4.4794,1526446800,,4684759680,60120000,0,184512000,106.1802,4.6314,2.8618,212.6119,
603828.SH,柯利达,20170410,38.3492,38.2435,38.2435,37.307,37.745,2736845,68209881,-0.6042,-1.5754,24.9228,4.5523,1502398800,,4610954880,60120000,0,184512000,104.5074,4.5584,2.8168,209.2624,
603828.SH,柯利达,20170411,37.745,37.594,39.633,37.307,39.1044,2790681,71192443,1.3594,3.6014,25.5108,4.6419,1556506800,,4777015680,60120000,0,184512000,108.2712,4.7226,2.9182,216.7988,
603828.SH,柯利达,20170412,39.1044,39.1195,39.2403,37.7601,37.8507,1696705,42992870,-1.2536,-3.2059,25.339,2.8222,1506607200,,4639470570,60120000,0,185134500,104.8002,4.5712,2.8342,210.5565,
603828.SH,柯利达,20170413,37.8507,38.0622,38.4851,37.7601,38.1679,1183708,29907188,0.3172,0.838,25.2657,1.9689,1519232400,,4678348815,60120000,0,185134500,105.6784,4.6095,2.8579,212.321,
603828.SH,柯利达,20170414,38.1679,38.3039,38.3039,36.7784,36.8841,1516374,37472412,-1.2838,-3.3637,24.7119,2.5222,1468130400,,4520984490,60120000,0,185134500,102.4683,4.4695,2.7618,205.1792,
603828.SH,柯利达,20170417,36.8841,36.431,36.5518,35.5096,35.706,1152370,27538906,-1.1781,-3.1941,23.8976,1.9168,1421236800,,4376579580,60120000,0,185134500,99.1953,4.3267,2.6736,198.6255,
603828.SH,柯利达,20170418,35.706,35.9627,36.7633,35.2831,35.6456,937693,22355976,-0.0604,-0.1692,23.8415,1.5597,1418832000,,4369174200,60120000,0,185134500,99.0275,4.3194,2.6691,198.2894,
603828.SH,柯利达,20170419,35.6456,35.6456,35.6758,34.7393,34.9508,953220,22125819,-0.6948,-1.9492,23.2117,1.5855,1391176800,,4284012330,60120000,0,185134500,97.0973,4.2352,2.617,194.4245,
603828.SH,柯利达,20170420,34.9508,34.9357,35.4039,33.1987,33.3044,1548300,34929274,-1.6463,-4.7105,22.5598,2.5753,1325646000,,4082215725,60120000,0,185134500,92.5236,4.0357,2.4938,185.2662,
603828.SH,柯利达,20170421,33.3044,33.38,33.8331,32.7758,33.2742,1069573,23502312,-0.0302,-0.0907,21.9735,1.7791,1324443600,,4078513035,60120000,0,185134500,92.4396,4.032,2.4915,185.0982,
603828.SH,柯利达,20170424,33.2742,33.682,34.9206,32.7758,34.5279,1974101,44565857,1.2536,3.7676,22.5753,3.2836,1374343200,,4232174670,60120000,0,185134500,95.9224,4.1839,2.5854,192.0719,
603828.SH,柯利达,20170425,34.5279,34.543,34.6185,33.0477,33.8633,1389006,31080292,-0.6646,-1.9248,22.3759,2.3104,1347890400,,4150715490,60120000,0,185134500,94.0761,4.1034,2.5356,188.375,
603828.SH,柯利达,20170426,33.8633,34.2711,34.2711,33.0628,33.5008,1048237,23160788,-0.3625,-1.0705,22.095,1.7436,1333461600,,4106283210,60120000,0,185134500,84.8229,4.0069,2.5085,186.3585,
603828.SH,柯利达,20170427,33.5008,33.2289,34.256,32.7305,34.0143,1244778,27549807,0.5135,1.5329,22.1323,2.0705,1353902400,,4169228940,60120000,0,185134500,86.1232,4.0683,2.5469,189.2152,
603828.SH,柯利达,20170428,34.0143,33.9086,34.1956,33.38,33.6216,1118649,24907935,-0.3927,-1.1545,22.2661,1.8607,1338271200,,4121093970,60120000,0,185134500,73.8698,3.9192,2.5175,187.0306,
603828.SH,柯利达,20170502,33.6216,33.6216,33.969,33.0779,33.1836,1101622,24446961,-0.438,-1.3028,22.1918,1.8324,1320836400,,4067404965,60120000,0,185134500,72.9074,3.8681,2.4847,184.594,
603828.SH,柯利达,20170503,33.1836,33.1232,33.4555,31.9904,32.1565,2063471,44410320,-1.0271,-3.0951,21.5221,3.4323,1279954800,,3941513505,60120000,0,185134500,70.6508,3.7484,2.4078,178.8806,
603828.SH,柯利达,20170504,32.1565,32.0206,32.655,31.7185,32.232,1657250,35243596,0.0755,0.2349,21.2663,2.7566,1282960800,,3950770230,60120000,0,185134500,70.8168,3.7572,2.4135,179.3007,
603828.SH,柯利达,20170505,32.232,32.2169,32.3831,31.7185,31.9602,749327,15912867,-0.2719,-0.8435,21.2362,1.2464,1272139200,,3917446020,60120000,0,185134500,70.2194,3.7255,2.3931,177.7883,
603828.SH,柯利达,20170508,31.9602,32.1112,32.1112,31.3107,31.6732,1172917,24590427,-0.287,-0.8979,20.9652,1.951,1260716400,,3882270465,60120000,0,185134500,69.5889,3.6921,2.3716,176.1919,
603828.SH,柯利达,20170509,31.6732,31.5675,32.0206,31.2654,31.8544,827855,17404419,0.1812,0.5722,21.0235,1.377,1267930800,,3904486605,60120000,0,185134500,69.9871,3.7132,2.3852,177.2002,
603828.SH,柯利达,20170510,31.8544,31.8544,32.1414,31.2654,31.2805,767500,16133663,-0.574,-1.8018,21.0211,1.2766,1245085200,,3834135495,60120000,0,185134500,68.7261,3.6463,2.3422,174.0074,
603828.SH,柯利达,20170511,31.2805,31.2654,31.4768,28.8034,29.3623,2651693,52177931,-1.9182,-6.1323,19.6772,4.4107,1168732800,,3599014680,60120000,0,185134500,64.5116,3.4227,2.1986,163.3367,
603828.SH,柯利达,20170512,29.3623,29.3472,29.6795,28.5164,29.6493,1797813,34601790,0.287,0.9774,19.2466,2.9904,1180155600,,3634190235,60120000,0,185134500,65.1421,3.4562,2.2201,164.9331,
603828.SH,柯利达,20170515,29.6493,29.3623,29.7097,28.9998,29.1659,969307,18844352,-0.4833,-1.6302,19.4411,1.6123,1160917200,,3574947195,60120000,0,185134500,64.0802,3.3998,2.1839,162.2445,
603828.SH,柯利达,20170516,29.1659,29.1508,29.755,28.5467,29.5133,1096907,21122386,0.3474,1.1911,19.2563,1.8245,1174744800,,3617528130,60120000,0,185134500,64.8435,3.4403,2.2099,164.1769,
603828.SH,柯利达,20170517,29.5133,29.5586,30.7669,29.5586,30.1175,1700744,34051822,0.6042,2.0471,20.0217,2.8289,1198792800,,3691581930,60120000,0,185134500,66.1709,3.5107,2.2551,167.5378,
603828.SH,柯利达,20170518,30.1175,29.906,30.7065,29.7248,30.1024,1076641,21639715,-0.0151,-0.0502,20.0993,1.7908,1198191600,,3689730585,60120000,0,185134500,66.1377,3.509,2.254,167.4538,
603828.SH,柯利达,20170519,30.1024,30.5102,30.5102,29.8154,30.1175,711079,14157227,0.0151,0.0502,19.9095,1.1828,1198792800,,3691581930,60120000,0,185134500,66.1709,3.5107,2.2551,167.5378,
603828.SH,柯利达,20170522,30.1175,30.2081,30.2081,28.7732,28.7883,1094516,21323831,-1.3292,-4.4132,19.4824,1.8206,1145887200,,3528663570,60120000,0,185134500,63.2506,3.3558,2.1556,160.1439,
603828.SH,柯利达,20170523,28.7883,28.8185,28.9696,27.2779,27.429,1093368,20281673,-1.3594,-4.7219,18.5497,1.8186,1091779200,,3362042520,60120000,0,185134500,60.2639,3.1973,2.0538,152.582,
603828.SH,柯利达,20170524,27.429,27.2628,27.7612,26.7493,27.5347,1036701,18763947,0.1057,0.3855,18.0997,1.7244,1095987600,,3375001935,60120000,0,185134500,60.4962,3.2097,2.0617,153.1702,
603828.SH,柯利达,20170525,27.5347,27.5649,28.3201,27.1118,28.1842,919342,16869046,0.6495,2.3587,18.349,1.5292,1121839200,,3454609770,60120000,0,185134500,61.9232,3.2854,2.1104,156.7831,
603828.SH,柯利达,20170526,28.1842,28.2144,28.2597,27.867,27.9123,705960,13087476,-0.2719,-0.9646,18.5386,1.1743,1111017600,,3421285560,60120000,0,185134500,61.3259,3.2537,2.09,155.2707,
603828.SH,柯利达,20170531,27.9123,28.6977,28.894,27.9727,27.9878,857601,16162025,0.0755,0.2706,18.8456,1.4265,1114023600,,3430542285,60120000,0,185134500,61.4918,3.2625,2.0957,155.6908,
603828.SH,柯利达,20170601,27.9878,27.9425,28.2295,27.1571,27.293,829100,15121928,-0.6948,-2.4825,18.239,1.3791,1086368400,,3345380415,60120000,0,185134500,59.9653,3.1815,2.0436,151.8259,
603828.SH,柯利达,20170602,27.293,27.3232,28.1691,26.7191,27.867,867069,15729124,0.574,2.1029,18.1406,1.4422,1109214000,,3415067325,60120000,0,185098500,61.2144,3.2478,2.0862,154.9885,
603828.SH,柯利达,20170605,27.867,27.8821,28.4107,27.8821,28.3503,1006805,18816831,0.4833,1.7344,18.6896,1.6747,1128452400,,3474298845,60120000,0,185098500,62.2761,3.3041,2.1224,157.6767,
603828.SH,柯利达,20170606,28.3503,28.3352,28.894,28.0633,28.6826,857625,16239063,0.3323,1.1721,18.9349,1.4265,1141678800,,3515020515,60120000,0,185098500,63.006,3.3428,2.1473,159.5248,
603828.SH,柯利达,20170607,28.6826,28.6977,31.5524,28.6977,31.5524,3619135,73815596,2.8698,10.0053,20.3959,6.0199,1255906800,,3866707665,60120000,0,185098500,69.31,3.6773,2.3621,175.4856,
603828.SH,柯利达,20170608,31.5524,32.2774,32.5039,31.2654,31.7638,3845055,81031602,0.2115,0.6702,21.0742,6.3956,1264323600,,3892621455,60120000,0,185098500,69.7745,3.7019,2.3779,176.6617,
603828.SH,柯利达,20170609,31.7638,31.7185,31.8393,30.6763,31.2805,1689525,34845640,-0.4833,-1.5216,20.6245,2.8103,1245085200,,3833389935,60120000,0,185098500,68.7127,3.6456,2.3417,173.9736,
603828.SH,柯利达,20170612,31.2805,31.4164,31.4919,30.7065,31.069,1445194,29754504,-0.2115,-0.676,20.5886,2.4038,1236668400,,3807476145,60120000,0,185098500,68.2482,3.6209,2.3259,172.7975,
603828.SH,柯利达,20170613,31.069,30.9482,33.1383,30.7518,32.1414,5352460,113229484,1.0724,3.4516,21.1547,8.903,1279353600,,3938896080,60120000,0,185098500,70.6039,3.7459,2.4062,178.7618,
603828.SH,柯利达,20170614,32.1414,31.8091,32.232,31.1899,31.3409,1552766,32427055,-0.8005,-2.4906,20.8834,2.5828,1247490000,,3840793875,60120000,0,185098500,68.8455,3.6526,2.3463,174.3096,
603828.SH,柯利达,20170615,31.3409,31.2956,32.0055,31.0992,31.5675,4096220,86012622,0.2266,0.7229,20.998,6.8134,1256508000,,3868558650,60120000,0,185098500,69.3431,3.679,2.3632,175.5696,
603828.SH,柯利达,20170616,31.5675,31.2352,31.7487,30.9935,31.4919,1155718,24029042,-0.0755,-0.2392,20.7914,1.9224,1253502000,,3859303725,60120000,0,185098500,69.1772,3.6702,2.3576,175.1496,
603828.SH,柯利达,20170619,31.4919,31.2956,32.0659,31.2956,31.9904,1188099,24946855,0.4984,1.5827,20.9973,1.9762,1273341600,,3920386230,60120000,0,185098500,70.2721,3.7283,2.3949,177.9218,
603828.SH,柯利达,20170620,31.9904,32.1716,32.1716,31.2352,31.4617,1262920,26484450,-0.5286,-1.6525,20.9708,2.1007,1252299600,,3855601755,60120000,0,185098500,69.1109,3.6667,2.3553,174.9816,
603828.SH,柯利达,20170621,31.4617,31.643,31.8846,30.6914,31.8091,3954601,82388170,0.3474,1.1042,20.8335,6.5778,1266127200,,3898174410,60120000,0,185098500,69.874,3.7072,2.3813,176.9137,
603828.SH,柯利达,20170622,31.8091,31.7034,31.7789,30.7518,30.8576,1093773,22696318,-0.9516,-2.9915,20.7505,1.8193,1228251600,,3781562355,60120000,0,185098500,67.7837,3.5963,2.3101,171.6214,
603828.SH,柯利达,20170623,30.8576,30.7972,31.1143,30.3138,30.7972,840848,17093752,-0.0604,-0.1958,20.3292,1.3986,1225846800,,3774158415,60120000,0,185098500,67.651,3.5893,2.3056,171.2854,
603828.SH,柯利达,20170626,30.7972,30.6612,31.3258,30.48,31.2654,720453,14802431,0.4682,1.5204,20.546,1.1984,1244484000,,3831538950,60120000,0,185098500,68.6796,3.6438,2.3406,173.8896,
603828.SH,柯利达,20170627,31.2654,31.2654,32.3227,30.9935,31.643,2115930,44480493,0.3776,1.2077,21.0217,3.5195,1259514000,,3877813575,60120000,0,185098500,69.509,3.6878,2.3689,175.9897,
603828.SH,柯利达,20170628,31.643,31.6732,32.2774,31.2956,31.9149,2073703,43885738,0.2719,0.8592,21.163,3.4493,1270335600,,3911131305,60120000,0,185098500,70.1062,3.7195,2.3892,177.5018,
603828.SH,柯利达,20170629,31.9149,31.7185,32.1565,31.7185,31.93,1110600,23526335,0.0151,0.0473,21.1834,1.8473,1270936800,,3912982290,60120000,0,185098500,70.1394,3.7213,2.3904,177.5858,
603828.SH,柯利达,20170630,31.93,31.794,33.6065,31.4617,32.7909,3637596,78089615,0.8609,2.6963,21.4674,6.0506,1305205200,,4018488435,60120000,0,185098500,72.0306,3.8216,2.4548,182.374,
603828.SH,柯利达,20170703,32.7909,32.7909,33.1685,32.4737,32.655,1348252,29206506,-0.1359,-0.4146,21.6625,2.2426,1299794400,,4001829570,60120000,0,185098500,71.732,3.8058,2.4446,181.618,
603828.SH,柯利达,20170704,32.655,32.9419,33.38,32.4737,32.8513,1363114,29671658,0.1964,0.6013,21.7676,2.2673,1307610000,,4025892375,60120000,0,185098500,72.1633,3.8287,2.4593,182.71,
603828.SH,柯利达,20170705,32.8513,32.4737,32.8815,32.4435,32.8362,950005,20550952,-0.0151,-0.046,21.6325,1.5802,1307008800,,4024041390,60120000,0,185098500,72.1301,3.8269,2.4582,182.626,
603828.SH,柯利达,20170706,32.8362,32.8362,33.0628,32.3982,32.5341,1134768,24505192,-0.3021,-0.92,21.5949,1.8875,1294984800,,3987021690,60120000,0,185098500,71.4666,3.7917,2.4356,180.9459,
603828.SH,柯利达,20170707,32.5341,32.368,32.6852,32.368,32.6701,905250,19525458,0.1359,0.4178,21.5691,1.5057,1300395600,,4003680555,60120000,0,185098500,71.7652,3.8075,2.4458,181.702,
603828.SH,柯利达,20170710,32.6701,32.7607,33.0023,32.4737,32.6096,916329,19826075,-0.0604,-0.1849,21.6364,1.5242,1297990800,,3996276615,60120000,0,185098500,71.6325,3.8005,2.4413,181.366,
603828.SH,柯利达,20170711,32.6096,32.4586,32.5945,32.0055,32.0961,1038260,22102066,-0.5135,-1.5748,21.2876,1.727,1277550000,,3933343125,60120000,0,185098500,70.5044,3.7406,2.4028,178.5098,
603828.SH,柯利达,20170712,32.0961,32.1716,32.4133,31.5675,32.2774,5115010,108006355,0.1812,0.5647,21.1156,8.508,1284764400,,3955554945,60120000,0,185098500,70.9025,3.7618,2.4164,179.5179,
603828.SH,柯利达,20170713,32.2774,31.8998,32.0206,31.5826,31.8091,1798018,37943546,-0.4682,-1.4506,21.103,2.9907,1266127200,,3898174410,60120000,0,185098500,69.874,3.7072,2.3813,176.9137,
603828.SH,柯利达,20170714,31.8091,31.8393,31.9451,31.4164,31.4164,745986,15679616,-0.3927,-1.2346,21.0186,1.2408,1250496000,,3850048800,60120000,0,185098500,69.0114,3.6614,2.3519,174.7296,
603828.SH,柯利达,20170717,31.4164,31.2352,31.4013,28.2748,28.4711,2598848,50161041,-2.9453,-9.375,19.3013,4.3228,1133262000,,3489106725,60120000,0,185098500,62.5415,3.3182,2.1314,158.3487,
603828.SH,柯利达,20170718,28.4711,28.2446,28.7732,27.6857,28.5769,682253,12844977,0.1057,0.3714,18.8273,1.1348,1137470400,,3502063620,60120000,0,185098500,62.7738,3.3305,2.1393,158.9367,
603828.SH,柯利达,20170719,28.5769,28.8336,29.4529,28.2748,29.3321,754950,14447378,0.7552,2.6427,19.1369,1.2557,1167530400,,3594612870,60120000,0,185098500,64.4327,3.4185,2.1959,163.137,
603828.SH,柯利达,20170720,29.3321,29.3019,30.193,29.1206,29.4378,975421,19169870,0.1057,0.3605,19.6529,1.6225,1171738800,,3607569765,60120000,0,185098500,64.665,3.4308,2.2038,163.725,
603828.SH,柯利达,20170721,29.4378,29.3321,29.6039,29.1508,29.181,491800,9539552,-0.2568,-0.8722,19.3972,0.818,1161518400,,3576103020,60120000,0,185098500,64.1009,3.4009,2.1846,162.2969,
603828.SH,柯利达,20170724,29.181,29.181,29.6039,29.181,29.5586,719100,14015823,0.3776,1.294,19.4908,1.1961,1176548400,,3622377645,60120000,0,185098500,64.9304,3.4449,2.2128,164.397,
603828.SH,柯利达,20170725,29.5586,29.6795,29.6795,29.1508,29.2565,584900,11358762,-0.3021,-1.022,19.42,0.9729,1164524400,,3585357945,60120000,0,185098500,64.2668,3.4097,2.1902,162.7169,
603828.SH,柯利达,20170726,29.2565,29.03,29.3774,28.7279,28.9998,427148,8208553,-0.2568,-0.8776,19.2171,0.7105,1154304000,,3553891200,60120000,0,185098500,63.7028,3.3798,2.171,161.2889,
603828.SH,柯利达,20170727,28.9998,28.9998,29.8003,28.7279,29.6493,951750,18536713,0.6495,2.2396,19.4765,1.5831,1180155600,,3633483555,60120000,0,185098500,65.1295,3.4555,2.2196,164.9011,
603828.SH,柯利达,20170728,29.6493,29.6039,30.1326,28.8487,29.468,1061049,20703964,-0.1812,-0.6113,19.5127,1.7649,1172941200,,3611271735,60120000,0,185098500,64.7313,3.4344,2.2061,163.893,
603828.SH,柯利达,20170731,29.468,29.6039,29.7097,29.0149,29.4831,967699,18897245,0.0151,0.0513,19.528,1.6096,1173542400,,3613122720,60120000,0,185098500,64.7645,3.4361,2.2072,163.977,
603828.SH,柯利达,20170801,29.4831,29.6493,29.6493,29.1357,29.3019,879946,17080424,-0.1812,-0.6148,19.4108,1.4636,1166328000,,3590910900,60120000,0,185098500,64.3664,3.415,2.1936,162.9689,
603828.SH,柯利达,20170802,29.3019,29.3019,29.4227,28.9545,28.9847,822298,15839569,-0.3172,-1.0825,19.2626,1.3678,1153702800,,3552040215,60120000,0,185098500,63.6696,3.378,2.1699,161.2049,
603828.SH,柯利达,20170803,28.9847,28.8487,29.3623,28.8185,29.2414,633924,12243402,0.2568,0.8859,19.3137,1.0544,1163923200,,3583506960,60120000,0,185098500,64.2336,3.408,2.1891,162.6329,
603828.SH,柯利达,20170804,29.2414,29.2868,29.2868,28.9243,28.9545,480503,9228851,-0.287,-0.9814,19.2066,0.7992,1152500400,,3548338245,60120000,0,185098500,63.6033,3.3745,2.1676,161.0368,
603828.SH,柯利达,20170807,28.9545,28.7279,29.1508,28.7279,29.0904,362139,6951621,0.1359,0.4695,19.196,0.6024,1157911200,,3564997110,60120000,0,185098500,63.9019,3.3903,2.1778,161.7929,
603828.SH,柯利达,20170808,29.0904,29.2263,29.3472,28.9998,29.1659,433283,8354671,0.0755,0.2596,19.2822,0.7207,1160917200,,3542919146.25,60120000,0,183475875,63.5061,3.3694,2.1643,160.7909,
603828.SH,柯利达,20170809,29.1659,29.0753,29.3321,28.9998,29.3019,481053,9314098,0.1359,0.4661,19.3619,0.8002,1166328000,,3559431975,60120000,0,183475875,63.8021,3.3851,2.1744,161.5403,
603828.SH,柯利达,20170810,29.3019,29.1961,29.3321,28.8789,29.0602,572600,11033068,-0.2417,-0.8247,19.2684,0.9524,1156708800,,3530075835,60120000,0,183475875,63.2759,3.3571,2.1565,160.208,
603828.SH,柯利达,20170811,29.0602,29.2565,30.193,29.0602,29.1961,1870223,36646438,0.1359,0.4678,19.5947,3.1108,1162119600,,3546588663.75,60120000,0,183475875,63.5719,3.3728,2.1665,160.9574,
603828.SH,柯利达,20170814,29.1961,28.9243,29.5586,28.8789,29.468,749504,14537392,0.2719,0.9312,19.396,1.2467,1172941200,,3579614321.25,60120000,0,183475875,64.1639,3.4042,2.1867,162.4563,
603828.SH,柯利达,20170815,29.468,29.6493,30.0571,29.4831,29.8758,1466268,29001968,0.4078,1.3839,19.7794,2.4389,1189173600,,3629152807.5,60120000,0,183475875,65.0518,3.4514,2.217,164.7045,
603828.SH,柯利达,20170816,29.8758,30.0873,30.1628,29.5737,29.7399,1648853,32537247,-0.1359,-0.455,19.7333,2.7426,1183762800,,3612639978.75,60120000,0,183475875,64.7558,3.4357,2.2069,163.9551,
603828.SH,柯利达,20170817,29.7399,29.8765,29.9585,29.2479,29.6032,1159958,12569308,-0.1367,-0.4596,10.836,1.0719,1171979280,,3576678707.25,108216000,0,330256575,64.1112,3.4015,2.1849,162.323,
603828.SH,柯利达,20170818,29.6032,28.9745,29.9585,28.9745,29.3845,1945700,20939448,-0.2187,-0.7387,10.7619,1.798,1163322000,,3550258181.25,108216000,0,330256575,63.6377,3.3763,2.1688,161.124,
603828.SH,柯利达,20170821,29.3845,29.3025,29.6032,29.0292,29.4939,1518364,16303543,0.1093,0.3721,10.7376,1.4031,1167650640,,3563468444.25,108216000,0,330256575,63.8745,3.3889,2.1769,161.7235,
603828.SH,柯利达,20170822,29.4939,29.4939,29.6032,29.0018,29.1385,1490586,15911470,-0.3553,-1.2048,10.6746,1.3774,1153582560,,3520535089.5,108216000,0,330256575,63.1049,3.3481,2.1506,159.775,
603828.SH,柯利达,20170823,29.1385,29.1385,29.4392,29.0292,29.3025,1167931,12499974,0.164,0.5629,10.7027,1.0793,1160075520,,3540350484,108216000,0,330256575,63.4601,3.3669,2.1627,160.6743,
603828.SH,柯利达,20170824,29.3025,29.3025,29.4939,29.0018,29.4665,1271998,13618598,0.164,0.5597,10.7065,1.1754,1166568480,,3560165878.5,108216000,0,330256575,63.8153,3.3858,2.1748,161.5736,
603828.SH,柯利达,20170825,29.4665,29.2479,29.6852,29.2479,29.6579,1859154,20106637,0.1913,0.6494,10.8149,1.718,1174143600,,3583283838.75,108216000,0,330256575,64.2296,3.4077,2.189,162.6228,
603828.SH,柯利达,20170828,29.6579,29.8765,30.7239,29.5759,30.3412,2841041,31287438,0.6834,2.3041,11.0127,2.6253,1201197600,,3665847982.5,108216000,0,330256575,65.7096,3.4863,2.2394,166.3699,
603828.SH,柯利达,20170829,30.3412,29.9859,29.9859,29.2479,29.5485,3924383,42431407,-0.7927,-2.6126,10.8122,3.6264,1169814960,,3570073575.75,108216000,0,330256575,81.0918,3.4697,2.1809,162.0233,
603828.SH,柯利达,20170830,29.5485,29.3299,29.5759,29.1112,29.2752,1962810,21038362,-0.2733,-0.9251,10.7185,1.8138,1158993360,,3537047918.25,108216000,0,330256575,80.3416,3.4376,2.1607,160.5244,
603828.SH,柯利达,20170831,29.2752,29.2205,29.4392,29.1385,29.4119,1210060,12977014,0.1367,0.4669,10.7243,1.1182,1164404160,,3553560747,108216000,0,330256575,80.7167,3.4537,2.1708,161.2739,
603828.SH,柯利达,20170901,29.4119,29.4392,29.4939,29.2479,29.4665,1324924,14237811,0.0547,0.1859,10.7461,1.2243,1166568480,,3560165878.5,108216000,0,330256575,80.8667,3.4601,2.1748,161.5736,
603828.SH,柯利达,20170904,29.4665,29.5759,29.6032,29.2205,29.2752,1536500,16477026,-0.1913,-0.6494,10.7237,1.4198,1158993360,,3537047918.25,108216000,0,330256575,80.3416,3.4376,2.1607,160.5244,
603828.SH,柯利达,20170905,29.2752,29.4119,29.5212,29.1112,29.3299,1578958,16911565,0.0547,0.1867,10.7106,1.4591,1161157680,,3543653049.75,108216000,0,330256575,80.4917,3.4441,2.1648,160.8242,
603828.SH,柯利达,20170906,29.3299,29.3025,29.5212,29.1658,29.3299,1622074,17404559,0,0,10.7298,1.4989,1161157680,,3543653049.75,108216000,0,330256575,80.4917,3.4441,2.1648,160.8242,
603828.SH,柯利达,20170907,29.3299,29.4392,30.2046,29.2752,29.9585,5176729,56507718,0.6287,2.1435,10.9157,4.7837,1186047360,,3619612062,108216000,0,330256575,82.217,3.5179,2.2112,164.2715,
603828.SH,柯利达,20170908,29.9585,29.8492,29.9039,29.3845,29.5759,2260970,24505518,-0.3827,-1.2774,10.8385,2.0893,1170897120,,3573376141.5,108216000,0,330256575,81.1668,3.4729,2.1829,162.1732,
603828.SH,柯利达,20170911,29.5759,29.5485,29.6852,29.4119,29.6032,2145500,23175467,0.0273,0.0924,10.8019,1.9826,1171979280,,3576678707.25,108216000,0,330256575,81.2418,3.4762,2.1849,162.323,
603828.SH,柯利达,20170912,29.6032,29.6032,32.3913,29.6032,30.2592,6454850,72358360,0.656,2.2161,11.2099,5.9648,1197951120,,3655940285.25,108216000,0,330256575,83.0422,3.5532,2.2333,165.9202,
603828.SH,柯利达,20170913,30.2592,30.0679,30.8332,29.8492,30.5872,4264484,47462231,0.328,1.084,11.1297,3.9407,1210937040,,3695571074.25,108216000,0,330256575,83.9424,3.5917,2.2576,167.7188,
603828.SH,柯利达,20170914,30.5872,30.4232,31.9813,30.2592,31.954,7717614,87952464,1.3667,4.4683,11.3963,7.1317,1265045040,,3860699361.75,108216000,0,330256575,87.6931,3.7522,2.3584,175.213,
603828.SH,柯利达,20170915,31.954,31.5439,32.5006,30.9153,31.2433,5548115,64136043,-0.7107,-2.2241,11.56,5.1269,1236908880,,3774832652.25,108216000,0,330256575,85.7427,3.6687,2.306,171.316,
603828.SH,柯利达,20170918,31.2433,30.9153,31.5439,30.7239,31.1339,2705747,30771502,-0.1093,-0.35,11.3726,2.5003,1232580240,,3761622389.25,108216000,0,330256575,85.4427,3.6559,2.2979,170.7165,
603828.SH,柯利达,20170919,31.1339,31.0519,31.2159,30.5326,30.7786,2765452,31167938,-0.3553,-1.1414,11.2705,2.5555,1218512160,,3718689034.5,108216000,0,330256575,84.4675,3.6142,2.2717,168.768,
603828.SH,柯利达,20170920,30.7786,30.6966,30.8606,30.3686,30.8059,2180320,24429353,0.0273,0.0888,11.2045,2.0148,1219594320,,3721991600.25,108216000,0,330256575,84.5425,3.6174,2.2737,168.9179,
603828.SH,柯利达,20170921,30.8059,30.6419,31.954,30.5326,31.4893,3749734,42766018,0.6834,2.2183,11.4051,3.465,1246648320,,3804555744,108216000,0,330256575,86.4179,3.6976,2.3241,172.665,
603828.SH,柯利达,20170922,31.4893,31.4619,31.6806,30.8606,30.8879,2698578,30839356,-0.6014,-1.9097,11.428,2.4937,1222840800,,3731899297.5,108216000,0,330256575,84.7675,3.627,2.2798,169.3675,
603828.SH,柯利达,20170925,30.8879,31.1613,31.1613,29.9312,30.0952,2089690,23241111,-0.7927,-2.5664,11.1218,1.931,1191458160,,3636124890.75,108216000,0,330256575,82.5921,3.5339,2.2212,165.0209,
603828.SH,柯利达,20170926,30.0952,30.0679,30.2866,29.4939,29.7399,2012080,21952811,-0.3553,-1.1807,10.9105,1.8593,1177390080,,3593191536,108216000,0,330256575,81.6169,3.4922,2.195,163.0725,
603828.SH,柯利达,20170927,29.7399,29.7945,29.8765,29.6032,29.7945,954377,10384288,0.0547,0.1838,10.8807,0.8819,1179554400,,3599796667.5,108216000,0,330256575,81.7669,3.4986,2.1991,163.3722,
603828.SH,柯利达,20170928,29.7945,29.7672,29.8219,29.2479,29.2479,1560710,16797040,-0.5467,-1.8349,10.7624,1.4422,1157911200,,3533745352.5,108216000,0,330256575,80.2666,3.4344,2.1587,160.3746,
603828.SH,柯利达,20170929,29.2479,29.3845,29.6305,29.2479,29.4665,963107,10377595,0.2187,0.7477,10.7751,0.89,1166568480,,3560165878.5,108216000,0,330256575,80.8667,3.4601,2.1748,161.5736,
603828.SH,柯利达,20171009,29.4665,29.5212,30.6966,29.5212,30.5052,3272059,36153619,1.0387,3.525,11.0492,3.0236,1207690560,,3685663377,108216000,0,330256575,83.7173,3.5821,2.2515,167.2692,
603828.SH,柯利达,20171010,30.5052,30.5326,30.7786,30.3412,30.6146,2383960,26685823,0.1093,0.3584,11.1939,2.203,1212019200,,3698873640,108216000,0,330256575,84.0174,3.5949,2.2596,167.8687,
603828.SH,柯利达,20171011,30.6146,30.7786,31.708,30.6146,31.3526,4628268,52810586,0.738,2.4107,11.4104,4.2769,1241237520,,3788042915.25,108216000,0,330256575,86.0428,3.6816,2.314,171.9155,
603828.SH,柯利达,20171012,31.3526,31.1613,31.2979,30.5872,30.6692,2306285,26010972,-0.6834,-2.1796,11.2783,2.1312,1214183520,,3705478771.5,108216000,0,330256575,84.1674,3.6013,2.2636,168.1685,
603828.SH,柯利达,20171013,30.6692,31.0246,31.1066,30.3412,30.9426,2220164,24990638,0.2733,0.8913,11.2562,2.0516,1225005120,,3738504429,108216000,0,330256575,84.9176,3.6334,2.2838,169.6673,
603828.SH,柯利达,20171016,30.9426,30.8059,31.4073,30.3412,30.4232,2715048,30666963,-0.5194,-1.6784,11.2952,2.5089,1204444080,,3675755679.75,108216000,0,330256575,83.4923,3.5724,2.2455,166.8195,
603828.SH,柯利达,20171017,30.4232,30.4232,31.0246,30.2866,30.7512,1934720,21772419,0.328,1.0782,11.2535,1.7878,1217430000,,3715386468.75,108216000,0,330256575,84.3925,3.611,2.2697,168.6181,
603828.SH,柯利达,20171018,30.7512,30.9426,30.9426,29.8765,29.8765,2174624,24132459,-0.8747,-2.8444,11.0973,2.0095,1182800880,,3609704364.75,108216000,0,330256575,81.992,3.5083,2.2051,163.8219,
603828.SH,柯利达,20171019,29.8765,29.8492,30.2046,29.4939,29.5212,1722418,18717654,-0.3553,-1.1894,10.8671,1.5916,1168732800,,3566771010,108216000,0,330256575,81.0168,3.4665,2.1789,161.8734,
603828.SH,柯利达,20171020,29.5212,29.5212,29.9312,29.2479,29.7945,1181328,12835764,0.2733,0.9259,10.8655,1.0916,1179554400,,3599796667.5,108216000,0,330256575,81.7669,3.4986,2.1991,163.3722,
603828.SH,柯利达,20171023,29.7945,29.8492,31.0793,29.7945,30.9699,2731264,30419977,1.1754,3.945,11.1377,2.5239,1226087280,,3741806994.75,108216000,0,330256575,84.9926,3.6366,2.2858,169.8172,
603828.SH,柯利达,20171024,30.9699,30.8606,30.8879,30.1499,30.6419,2051470,22890467,-0.328,-1.0591,11.1581,1.8957,1213101360,,3702176205.75,108216000,0,330256575,84.0924,3.5981,2.2616,168.0186,
603828.SH,柯利达,20171025,30.6419,30.5599,30.9153,30.4506,30.5872,1485190,16617739,-0.0547,-0.1784,11.189,1.3724,1210937040,,3695571074.25,108216000,0,330256575,83.9424,3.5917,2.2576,167.7188,
603828.SH,柯利达,20171026,30.5872,30.5052,30.6692,30.2046,30.5599,1554938,17306540,-0.0273,-0.0894,11.1301,1.4369,1209854880,,3692268508.5,108216000,0,330256575,83.8674,3.5885,2.2555,167.5689,
603828.SH,柯利达,20171027,30.5599,30.5872,31.2159,30.4779,30.6966,2423740,27311172,0.1367,0.4472,11.2682,2.2397,1215265680,,3708781337.25,108216000,0,330256575,66.2469,3.5399,2.2656,168.3184,
603828.SH,柯利达,20171030,30.6966,30.6966,30.8879,29.0292,29.2205,2759098,29916820,-1.4761,-4.8085,10.843,2.5496,1156829040,,3530442786.75,108216000,0,330256575,63.0614,3.3697,2.1567,160.2247,
603828.SH,柯利达,20171031,29.2205,28.7285,29.4939,28.7285,29.4119,1231624,13168095,0.1913,0.6548,10.6917,1.1381,1164404160,,3553560747,108216000,0,330256575,63.4743,3.3917,2.1708,161.2739,
603828.SH,柯利达,20171101,29.4119,30.0132,31.708,30.0132,30.7786,6461262,73166323,1.3667,4.6468,11.3238,5.9707,1218512160,,3718689034.5,108216000,0,330256575,66.4239,3.5493,2.2717,168.768,
603828.SH,柯利达,20171102,30.7786,30.5599,31.4893,30.3686,31.2159,5269633,59762591,0.4374,1.421,11.3409,4.8696,1235826720,,3771530086.5,108216000,0,330256575,67.3677,3.5998,2.304,171.1661,
603828.SH,柯利达,20171103,31.2159,30.9699,31.1613,30.5052,31.0793,4023332,45466583,-0.1367,-0.4378,11.3007,3.7179,1230415920,,3755017257.75,108216000,0,330256575,67.0728,3.584,2.2939,170.4167,
603828.SH,柯利达,20171106,31.0793,31.0793,31.2159,30.7239,31.1339,2988700,33938100,0.0547,0.1759,11.3555,2.7618,1232580240,,3761622389.25,108216000,0,330256575,67.1908,3.5903,2.2979,170.7165,
603828.SH,柯利达,20171107,31.1339,31.1066,31.1886,30.6419,30.9699,2847755,32185861,-0.164,-0.5268,11.3022,2.6315,1226087280,,3741806994.75,108216000,0,330256575,66.8368,3.5714,2.2858,169.8172,
603828.SH,柯利达,20171108,30.9699,30.6692,30.8606,30.3412,30.6419,2562850,28664446,-0.328,-1.0591,11.1846,2.3683,1213101360,,3702176205.75,108216000,0,330256575,66.1289,3.5336,2.2616,168.0186,
603828.SH,柯利达,20171109,30.6419,30.6419,30.6419,30.1772,30.3412,2210130,24520547,-0.3007,-0.9813,11.0946,2.0423,1201197600,,3665847982.5,108216000,0,330256575,65.48,3.4989,2.2394,166.3699,
603828.SH,柯利达,20171110,30.3412,30.1772,30.6966,29.9859,30.0952,2409240,26669042,-0.246,-0.8108,11.0695,2.2263,1191458160,,3636124890.75,108216000,0,330256575,64.9491,3.4705,2.2212,165.0209,
603828.SH,柯利达,20171113,30.0952,30.2866,30.5052,29.5212,29.6852,3571126,39163724,-0.41,-1.3624,10.9668,3.3,1175225760,,3586586404.5,108216000,0,330256575,64.0642,3.4233,2.191,162.7727,
603828.SH,柯利达,20171114,29.6852,29.4939,29.7399,29.2205,29.7399,2227810,24004281,0.0547,0.1842,10.7748,2.0587,1177390080,,3593191536,108216000,0,330256575,64.1822,3.4296,2.195,163.0725,
603828.SH,柯利达,20171115,29.7399,29.6579,29.6579,28.8105,29.0292,2262028,24133691,-0.7107,-2.3897,10.6691,2.0903,1149253920,,3507324826.5,108216000,0,330256575,62.6484,3.3476,2.1426,159.1755,
603828.SH,柯利达,20171116,29.0292,28.8105,29.4665,28.8105,29.3025,1554654,16622881,0.2733,0.9416,10.6923,1.4366,1160075520,,3540350484,108216000,0,330256575,63.2384,3.3791,2.1627,160.6743,
603828.SH,柯利达,20171117,29.3025,29.1385,29.3572,27.3618,27.3618,3052442,31471035,-1.9407,-6.6231,10.3101,2.8207,1083242160,,3305868315.75,108216000,0,330256575,59.05,3.1553,2.0195,150.0327,
603828.SH,柯利达,20171120,27.3618,27.3891,27.8265,26.5964,27.7171,1937170,19356263,0.3553,1.2987,9.992,1.7901,1097310240,,3348801670.5,108216000,0,330256575,59.8169,3.1963,2.0457,151.9811,
603828.SH,柯利达,20171121,27.7171,27.6078,27.6898,27.0611,27.3344,1369133,13709070,-0.3827,-1.3807,10.013,1.2652,1082160000,,3302565750,108216000,0,330256575,58.991,3.1522,2.0175,149.8828,
603828.SH,柯利达,20171122,27.3344,27.3071,27.4984,26.9518,27.0611,1015890,10110694,-0.2733,-1,9.9525,0.9388,1071338400,,3269540092.5,108216000,0,330256575,58.4011,3.1207,1.9973,148.3839,
603828.SH,柯利达,20171123,27.0611,27.1431,27.1704,26.2411,26.7878,1805852,17608353,-0.2733,-1.0101,9.7507,1.6687,1060516800,,3236514435,108216000,0,330256575,57.8112,3.0891,1.9771,146.8851,
603828.SH,柯利达,20171124,26.7878,26.5691,27.0338,26.1317,26.7878,1447642,14037529,0,0,9.6968,1.3377,1060516800,,3236514435,108216000,0,330256575,57.8112,3.0891,1.9771,146.8851,
603828.SH,柯利达,20171127,26.7878,26.6784,26.9244,26.3231,26.7604,912424,8862212,-0.0273,-0.102,9.7128,0.8432,1059434640,,3232921106.25,108216000,0,330226875,57.747,3.0857,1.9749,146.722,
603828.SH,柯利达,20171128,26.7604,26.5964,27.0064,26.5964,26.9791,705600,6925678,0.2187,0.8172,9.8153,0.652,1068091920,,3259339256.25,108216000,0,330226875,58.2189,3.1109,1.9911,147.921,
603828.SH,柯利达,20171129,26.9791,27.2798,27.3344,26.4871,26.7057,857500,8366010,-0.2733,-1.0132,9.7563,0.7924,1057270320,,3226316568.75,108216000,0,330226875,57.629,3.0794,1.9709,146.4223,
603828.SH,柯利达,20171130,26.7057,26.5691,28.0998,26.2684,27.5531,1409200,13949104,0.8474,3.173,9.8986,1.3022,1090817280,,3328686900,108216000,0,330226875,59.4576,3.1771,2.0334,151.0683,
603828.SH,柯利达,20171201,27.5531,27.2798,27.6898,27.2524,27.4984,874400,8780541,-0.0547,-0.1984,10.0418,0.808,1088652960,,3322082362.5,108216000,0,330226875,59.3396,3.1708,2.0294,150.7685,
603828.SH,柯利达,20171204,27.4984,27.2798,27.4438,26.5417,26.7604,717840,7121769,-0.738,-2.6839,9.9211,0.6633,1059434640,,3232921106.25,108216000,0,330226875,57.747,3.0857,1.9749,146.722,
603828.SH,柯利达,20171205,26.7604,26.8698,26.9791,25.6944,26.7604,1664745,16104187,0,0,9.6737,1.5384,1059434640,,3232921106.25,108216000,0,330226875,57.747,3.0857,1.9749,146.722,
603828.SH,柯利达,20171206,26.7604,26.6511,26.9244,26.1591,26.8971,1215080,11776157,0.1367,0.5107,9.6917,1.1228,1064845440,,3249432450,108216000,0,330226875,58.0419,3.1015,1.985,147.4714,
603828.SH,柯利达,20171207,26.8971,26.8971,26.8971,26.3777,26.8151,726480,7085145,-0.082,-0.3049,9.7527,0.6713,1061598960,,3239525643.75,108216000,0,330226875,57.865,3.092,1.979,147.0218,
603828.SH,柯利达,20171208,26.8151,26.6511,26.9791,26.6511,26.8151,924770,9082323,0,0,9.8212,0.8546,1061598960,,3239525643.75,108216000,0,330226875,57.865,3.092,1.979,147.0218,
603828.SH,柯利达,20171211,26.8151,26.8151,27.0064,26.5964,26.7878,691980,6775672,-0.0273,-0.1019,9.7917,0.6394,1060516800,,3236223375,108216000,0,330226875,57.806,3.0889,1.977,146.8719,
603828.SH,柯利达,20171212,26.7878,26.7878,26.8971,26.5144,26.7604,793248,7741481,-0.0273,-0.102,9.7592,0.733,1059434640,,3232921106.25,108216000,0,330226875,57.747,3.0857,1.9749,146.722,
603828.SH,柯利达,20171213,26.7604,26.7604,26.8698,26.5691,26.8151,520490,5093644,0.0547,0.2043,9.7862,0.481,1061598960,,3239525643.75,108216000,0,330226875,57.865,3.092,1.979,147.0218,
603828.SH,柯利达,20171214,26.8151,26.7057,26.8424,26.6511,26.7878,508136,4970860,-0.0273,-0.1019,9.7825,0.4696,1060516800,,3236223375,108216000,0,330226875,57.806,3.0889,1.977,146.8719,
603828.SH,柯利达,20171215,26.7878,26.5964,27.5258,26.5964,27.1704,1556550,15311587,0.3827,1.4286,9.8369,1.4384,1075667040,,3282455137.5,108216000,0,330226875,58.6318,3.133,2.0052,148.9701,
603828.SH,柯利达,20171218,27.1704,27.2798,27.8538,27.0338,27.4984,1942398,19619622,0.328,1.2072,10.1007,1.7949,1088652960,,3322082362.5,108216000,0,330226875,59.3396,3.1708,2.0294,150.7685,
603828.SH,柯利达,20171219,27.4984,27.5531,28.0998,27.1704,27.8538,2266920,22935410,0.3553,1.2922,10.1174,2.0948,1102721040,,3365011856.25,108216000,0,330226875,60.1064,3.2118,2.0556,152.7168,
603828.SH,柯利达,20171220,27.8538,27.9358,27.9358,27.1978,27.3618,1119080,11238619,-0.492,-1.7664,10.0427,1.0341,1083242160,,3305571018.75,108216000,0,330226875,59.0447,3.155,2.0193,150.0192,
603828.SH,柯利达,20171221,27.3618,27.3618,27.6078,27.1978,27.3344,1787920,17946550,-0.0273,-0.0999,10.0377,1.6522,1082160000,,3302268750,108216000,0,330226875,58.9857,3.1519,2.0173,149.8693,
603828.SH,柯利达,20171222,27.3344,27.3344,27.5531,27.3344,27.4438,942560,9459800,0.1093,0.4,10.0363,0.871,1086488640,,3315477825,108216000,0,330226875,59.2216,3.1645,2.0254,150.4688,
603828.SH,柯利达,20171225,27.4438,27.3891,27.4711,26.9791,27.0884,974900,9691090,-0.3553,-1.2948,9.9406,0.9009,1072420560,,3272548331.25,108216000,0,330226875,58.4548,3.1235,1.9991,148.5205,
603828.SH,柯利达,20171226,27.0884,27.2251,27.3071,27.0064,27.1978,616690,6122850,0.1093,0.4036,9.9286,0.5699,1076749200,,3285757406.25,108216000,0,330226875,58.6908,3.1361,2.0072,149.1199,
603828.SH,柯利达,20171227,27.1978,27.2251,27.5804,26.9244,27.2798,2025180,20215307,0.082,0.3015,9.982,1.8714,1079995680,,3295664212.5,108216000,0,330226875,58.8677,3.1456,2.0133,149.5695,
603828.SH,柯利达,20171228,27.2798,27.2798,27.4164,26.8971,26.9244,1367810,13534253,-0.3553,-1.3026,9.8948,1.264,1065927600,,3252734718.75,108216000,0,330226875,58.1009,3.1046,1.987,147.6213,
603828.SH,柯利达,20171229,26.9244,26.8698,27.1431,26.6237,27.0338,2195294,21557622,0.1093,0.4061,9.8199,2.0286,1070256240,,3265943793.75,108216000,0,330226875,58.3369,3.1172,1.9951,148.2207,
603828.SH,柯利达,20180102,27.0338,27.0338,27.0611,26.6784,26.8424,1413440,13878884,-0.1913,-0.7078,9.8192,1.3061,1062681120,,3242827912.5,108216000,0,330226875,57.924,3.0952,1.5935,23.3975,
603828.SH,柯利达,20180103,26.8424,26.8151,27.3344,26.5964,26.8698,3019640,29688166,0.0273,0.1018,9.8317,2.7904,1063763280,,3246130181.25,108216000,0,330226875,57.9829,3.0983,1.5951,23.4213,
603828.SH,柯利达,20180104,26.8698,26.8151,26.9244,26.6237,26.8698,2341860,22931351,0,0,9.7919,2.1641,1063763280,,3246130181.25,108216000,0,330226875,57.9829,3.0983,1.5951,23.4213,
603828.SH,柯利达,20180105,26.8698,26.8698,26.8698,26.8698,26.8698,,,0,0,,,1063763280,,3246130181.25,108216000,0,330226875,57.9829,3.0983,1.5951,23.4213,
603828.SH,柯利达,20180108,26.8698,26.8698,26.8698,26.8698,26.8698,,,0,0,,,1063763280,,3246130181.25,108216000,0,330226875,57.9829,3.0983,1.5951,23.4213,
603828.SH,柯利达,20180109,26.8698,26.8698,26.8698,26.8698,26.8698,,,0,0,,,1063763280,,3246130181.25,108216000,0,330226875,57.9829,3.0983,1.5951,23.4213,
603828.SH,柯利达,20180110,26.8698,26.8698,26.8698,26.8698,26.8698,,,0,0,,,1063763280,,3246130181.25,108216000,0,330226875,57.9829,3.0983,1.5951,23.4213,
603828.SH,柯利达,20180111,26.8698,26.8698,26.8698,26.8698,26.8698,,,0,0,,,1063763280,,3246130181.25,108216000,0,330226875,57.9829,3.0983,1.5951,23.4213,
603828.SH,柯利达,20180112,26.8698,26.8698,26.8698,26.8698,26.8698,,,0,0,,,1063763280,,3246130181.25,108216000,0,330226875,57.9829,3.0983,1.5951,23.4213,
603828.SH,柯利达,20180115,26.8698,26.8698,26.8698,26.8698,26.8698,,,0,0,,,1063763280,,3246130181.25,108216000,0,330226875,57.9829,3.0983,1.5951,23.4213,
603828.SH,柯利达,20180116,26.8698,26.8698,26.8698,26.8698,26.8698,,,0,0,,,1063763280,,3246130181.25,108216000,0,330226875,57.9829,3.0983,1.5951,23.4213,
603828.SH,柯利达,20180117,26.8698,26.8698,26.8698,26.8698,26.8698,,,0,0,,,1063763280,,3246130181.25,108216000,0,330226875,57.9829,3.0983,1.5951,23.4213,
603828.SH,柯利达,20180118,26.8698,26.8698,26.8698,26.8698,26.8698,,,0,0,,,1063763280,,3246130181.25,108216000,0,330226875,57.9829,3.0983,1.5951,23.4213,
603828.SH,柯利达,20180119,26.8698,27.1704,28.4278,27.0884,27.3071,3300150,33365301,0.4374,1.6277,10.1102,3.0496,1081077840,,3298966481.25,108216000,0,330226875,58.9267,3.1487,1.6211,23.8025,
603828.SH,柯利达,20180122,27.3071,27.0884,27.3344,24.5737,27.2251,7950860,74238486,-0.082,-0.3003,9.3372,7.3472,1077831360,,3289059675,108216000,0,330226875,58.7498,3.1393,1.6162,23.7311,
603828.SH,柯利达,20180123,27.2251,26.1591,27.0611,25.749,26.6784,4817112,46546778,-0.5467,-2.008,9.6628,4.4514,1056188160,,3223014300,108216000,0,330226875,57.57,3.0762,1.5838,23.2545,
603828.SH,柯利达,20180124,26.6784,26.5144,27.0064,26.1044,26.7878,4998254,48756999,0.1093,0.4098,9.7548,4.6188,1060516800,,3236223375,108216000,0,330226875,57.806,3.0889,1.5903,23.3498,
603828.SH,柯利达,20180125,26.7878,26.4324,27.8811,26.4051,26.8151,4052898,40180936,0.0273,0.102,9.9141,3.7452,1061598960,,3239525643.75,108216000,0,330226875,57.865,3.092,1.5919,23.3737,
603828.SH,柯利达,20180126,26.8151,26.7604,27.7445,26.5144,27.4711,3324970,33098053,0.656,2.4465,9.9544,3.0725,1087570800,,3318780093.75,108216000,0,330226875,59.2806,3.1677,1.6308,23.9455,
603828.SH,柯利达,20180129,27.4711,27.4164,28.0178,26.6784,26.7331,3416430,33798883,-0.738,-2.6866,9.893,3.157,1058352480,,3229618837.5,108216000,0,330226875,57.688,3.0826,1.587,23.3022,
603828.SH,柯利达,20180130,26.7331,26.7878,27.1978,26.6511,26.8151,3389443,33258134,0.082,0.3067,9.8123,3.1321,1061598960,,3239525643.75,108216000,0,330226875,57.865,3.092,1.5919,23.3737,
603828.SH,柯利达,20180131,26.8151,26.7604,26.9244,26.4051,26.7604,2298250,22446485,-0.0547,-0.2039,9.7668,2.1238,1059434640,,3232921106.25,108216000,0,330226875,57.747,3.0857,1.5887,23.326,
603828.SH,柯利达,20180201,26.7604,26.5144,26.8151,25.421,26.0224,2335290,22239373,-0.738,-2.7579,9.5232,2.158,1030216320,,3143759850,108216000,0,330226875,56.1544,3.0006,1.5448,22.6827,
603828.SH,柯利达,20180202,26.0224,25.3937,25.913,24.765,25.339,3791373,35519627,-0.6834,-2.6261,9.3685,3.5035,1003162320,,3061203131.25,108216000,0,330226875,54.6797,2.9218,1.5043,22.087,
603828.SH,柯利达,20180205,25.339,25.2297,25.339,23.699,25.2297,3643096,32801643,-0.1093,-0.4315,9.0038,3.3665,998833680,,3047994056.25,108216000,0,330226875,54.4438,2.9092,1.4978,21.9917,
603828.SH,柯利达,20180206,25.2297,24.683,24.9017,22.8789,22.9063,1979250,17346089,-2.3234,-9.2091,8.764,1.829,906850080,,2767301212.5,108216000,0,330226875,49.43,2.6413,1.3598,19.9665,
603828.SH,柯利达,20180207,22.9063,23.2343,23.5076,20.8835,22.3322,1642135,13388019,-0.574,-2.506,8.1528,1.5175,884124720,,2697953568.75,108216000,0,330226875,48.1913,2.5751,1.3258,19.4661,
603828.SH,柯利达,20180208,22.3322,22.3869,22.6056,22.0316,22.4416,2879654,23499806,0.1093,0.4896,8.1606,2.661,888453360,,2711162643.75,108216000,0,330226875,48.4273,2.5877,1.3323,19.5614,
603828.SH,柯利达,20180209,22.4416,21.9769,21.9769,21.0749,21.2662,2025184,16005186,-1.1754,-5.2375,7.9031,1.8714,841920480,,2569165087.5,108216000,0,330226875,45.8909,2.4522,1.2625,18.5369,
603828.SH,柯利达,20180212,21.2662,21.3209,21.8402,20.7742,21.2935,1275840,9941262,0.0273,0.1285,7.7919,1.179,843002640,,2572467356.25,108216000,0,330226875,45.9499,2.4553,1.2641,18.5607,
603828.SH,柯利达,20180213,21.2935,21.3482,21.7035,21.0749,21.3209,910350,7109397,0.0273,0.1284,7.8095,0.8412,844084800,,2575769625,108216000,0,330226875,46.0088,2.4585,1.2657,18.5846,
603828.SH,柯利达,20180214,21.3209,21.5942,21.7309,21.1295,21.2389,730950,5689247,-0.082,-0.3846,7.7834,0.6755,840838320,,2565862818.75,108216000,0,330226875,45.8319,2.449,1.2609,18.5131,
603828.SH,柯利达,20180222,21.2389,21.2389,21.4575,21.1295,21.4029,673380,5258731,0.164,0.7722,7.8095,0.6223,847331280,,2585676431.25,108216000,0,330226875,46.1858,2.4679,1.2706,18.656,
603828.SH,柯利达,20180223,21.4029,21.5122,21.7035,21.1842,21.3482,805332,6294518,-0.0547,-0.2554,7.8161,0.7442,845166960,,2579071893.75,108216000,0,330226875,46.0678,2.4616,1.2674,18.6084,
603828.SH,柯利达,20180226,21.3482,21.4302,22.1409,21.3755,22.0862,1505454,12036545,0.738,3.4571,7.9953,0.4646,2617920000,,2668233150,324000000,0,330226875,47.6604,2.5467,1.3112,19.2517,
603828.SH,柯利达,20180227,22.0862,22.0042,22.7696,21.3755,22.4416,2502066,20337539,0.3553,1.6089,8.1283,0.7722,2660040000,,2711162643.75,324000000,0,330226875,48.4273,2.5877,1.3323,19.5614,
603828.SH,柯利达,20180228,22.4416,22.3049,22.6329,22.1409,22.4416,1141090,9345745,0,0,8.1902,0.3522,2660040000,,2711162643.75,324000000,0,330226875,48.4273,2.5877,1.3323,19.5614,
603828.SH,柯利达,20180301,22.4416,22.2229,22.9063,22.2229,22.6329,1035240,8561070,0.1913,0.8526,8.2696,0.3195,2682720000,,2734278525,324000000,0,330226875,48.8402,2.6098,1.3436,19.7282,
603828.SH,柯利达,20180302,22.6329,22.6603,22.8243,22.3596,22.4962,1704560,14050134,-0.1367,-0.6039,8.2427,0.5261,2666520000,,2717767181.25,324000000,0,330226875,48.5452,2.594,1.3355,19.6091,
603828.SH,柯利达,20180305,22.4962,22.6329,22.7696,22.4142,22.4962,589767,4860680,0,0,8.2417,0.182,2666520000,,2717767181.25,324000000,0,330226875,48.5452,2.594,1.3355,19.6091,
603828.SH,柯利达,20180306,22.4962,22.6329,22.8243,22.4142,22.5509,884807,7279746,0.0547,0.243,8.2275,0.2731,2673000000,,2724371718.75,324000000,0,330226875,48.6632,2.6003,1.3388,19.6568,
603828.SH,柯利达,20180307,22.5509,22.6056,23.1249,22.4142,23.0156,1833490,15259144,0.4647,2.0606,8.3225,0.5659,2728080000,,2780510287.5,324000000,0,330226875,49.666,2.6539,1.3663,20.0618,
603828.SH,柯利达,20180308,23.0156,22.8789,23.0429,22.5236,22.9336,1336057,11151583,-0.082,-0.3563,8.3466,0.4124,2718360000,,2770603481.25,324000000,0,330226875,49.489,2.6444,1.3615,19.9903,
603828.SH,柯利达,20180309,22.9336,22.9609,23.3709,22.4689,23.2889,1278700,10774592,0.3553,1.5495,8.4262,0.3947,2760480000,,2813532975,324000000,0,330226875,50.2558,2.6854,1.3826,20.3001,
603828.SH,柯利达,20180312,23.2889,23.3709,23.4256,22.9609,23.3709,1666300,14172681,0.082,0.3521,8.5055,0.5143,2770200000,,2823439781.25,324000000,0,330226875,50.4328,2.6949,1.3874,20.3715,
603828.SH,柯利达,20180313,23.3709,23.4529,24.3277,23.3163,23.8356,1964220,17225389,0.4647,1.9883,8.7696,0.6062,2825280000,,2879578350,324000000,0,330226875,51.4355,2.7484,1.415,20.7766,
603828.SH,柯利达,20180314,23.8356,23.5076,23.863,23.0429,23.2889,1111080,9488847,-0.5467,-2.2936,8.5402,0.3429,2760480000,,2813532975,324000000,0,330226875,50.2558,2.6854,1.3826,20.3001,
603828.SH,柯利达,20180315,23.2889,23.8083,23.8356,22.9609,23.1249,1250614,10699457,-0.164,-0.7042,8.5554,0.386,2741040000,,2793719362.5,324000000,0,330226875,49.9019,2.6665,1.3728,20.1571,
603828.SH,柯利达,20180316,23.1249,23.7263,23.7263,23.2069,23.5623,1174114,10081750,0.4374,1.8913,8.5867,0.3624,2792880000,,2846555662.5,324000000,0,330226875,50.8457,2.7169,1.3988,20.5383,
603828.SH,柯利达,20180319,23.5623,23.2616,23.6443,23.2616,23.617,858686,7389049,0.0547,0.232,8.6051,0.265,2799360000,,2853160200,324000000,0,330226875,50.9636,2.7232,1.402,20.586,
603828.SH,柯利达,20180320,23.617,23.3709,23.8903,23.2616,23.8083,998187,8614016,0.1913,0.8102,8.6297,0.3081,2822040000,,2876276081.25,324000000,0,330226875,51.3765,2.7453,1.4134,20.7528,
603828.SH,柯利达,20180321,23.8083,23.8356,26.1864,23.5896,25.093,5704797,52675946,1.2847,5.3961,9.2336,1.7607,2974320000,,3031482712.5,324000000,0,330226875,54.1489,2.8934,1.4897,21.8726,
603828.SH,柯利达,20180322,25.093,24.601,24.765,24.273,24.437,2525510,22621448,-0.656,-2.6144,8.9572,0.7795,2896560000,,2952228262.5,324000000,0,330226875,52.7332,2.8178,1.4507,21.3008,
603828.SH,柯利达,20180323,24.437,23.1796,23.781,22.0316,22.1136,2247170,18803095,-2.3234,-9.5078,8.3675,0.6936,2621160000,,2671535418.75,324000000,0,330226875,47.7194,2.5499,1.3128,19.2755,
603828.SH,柯利达,20180326,22.1136,22.0042,22.2776,21.0475,22.2502,1298169,10297267,0.1367,0.618,7.9321,0.4007,2637360000,,2688046762.5,324000000,0,330226875,48.0144,2.5656,1.3209,19.3947,
603828.SH,柯利达,20180327,22.2502,22.4689,22.9063,22.4689,22.6329,1146503,9505552,0.3827,1.7199,8.2909,0.3539,2682720000,,2734278525,324000000,0,330226875,48.8402,2.6098,1.3436,19.7282,
603828.SH,柯利达,20180328,22.6329,21.8676,22.6876,21.5942,22.5782,845890,6897825,-0.0547,-0.2415,8.1545,0.2611,2676240000,,2727673987.5,324000000,0,330226875,48.7222,2.6035,1.3404,19.6806,
603828.SH,柯利达,20180329,22.5782,22.7423,22.8516,22.2229,22.7423,632850,5250162,0.164,0.7264,8.2961,0.1953,2695680000,,2747487600,324000000,0,330226875,49.0761,2.6224,1.3501,19.8235,
603828.SH,柯利达,20180330,22.7423,22.8516,23.1523,22.5782,22.9336,877940,7365088,0.1913,0.8413,8.3891,0.271,2718360000,,2770603481.25,324000000,0,330226875,49.489,2.6444,1.3615,19.9903,
603828.SH,柯利达,20180402,22.9336,22.9063,23.2343,22.9063,23.1796,1347470,11407305,0.246,1.0727,8.4657,0.4159,2747520000,,2800323900,324000000,0,330226875,50.0199,2.6728,1.3761,20.2048,
603828.SH,柯利达,20180403,23.1796,22.9609,22.9609,21.4575,22.6603,982220,8088395,-0.5194,-2.2406,8.2348,0.3032,2685960000,,2737580793.75,324000000,0,330226875,48.8991,2.6129,1.3452,19.7521,
603828.SH,柯利达,20180404,22.6603,22.6603,23.1796,22.1956,22.2502,993220,8220572,-0.41,-1.8094,8.2767,0.3065,2637360000,,2688046762.5,324000000,0,330226875,48.0144,2.5656,1.3209,19.3947,
603828.SH,柯利达,20180409,22.2502,22.2502,22.9609,22.1682,22.5782,808730,6648447,0.328,1.4742,8.2208,0.2496,2676240000,,2727673987.5,324000000,0,330226875,48.7222,2.6035,1.3404,19.6806,
603828.SH,柯利达,20180410,22.5782,22.5236,22.6603,22.2229,22.5509,759680,6239441,-0.0273,-0.1211,8.2132,0.2345,2673000000,,2724371718.75,324000000,0,330226875,48.6632,2.6003,1.3388,19.6568,
603828.SH,柯利达,20180411,22.5509,22.5509,22.7696,22.4142,22.5782,869150,7192437,0.0273,0.1212,8.2753,0.2683,2676240000,,2727673987.5,324000000,0,330226875,48.7222,2.6035,1.3404,19.6806,
603828.SH,柯利达,20180412,22.5782,22.6603,22.6603,22.3049,22.4416,774746,6382571,-0.1367,-0.6053,8.2383,0.2391,2660040000,,2711162643.75,324000000,0,330226875,48.4273,2.5877,1.3323,19.5614,
603828.SH,柯利达,20180413,22.4416,22.7969,22.7969,22.4416,22.4962,795440,6592372,0.0547,0.2436,8.2877,0.2455,2666520000,,2717767181.25,324000000,0,330226875,48.5452,2.594,1.3355,19.6091,
603828.SH,柯利达,20180416,22.4962,22.3596,22.6603,22.0862,22.2776,927940,7560201,-0.2187,-0.9721,8.1473,0.2864,2640600000,,2691349031.25,324000000,0,330226875,48.0733,2.5688,1.3225,19.4185,
603828.SH,柯利达,20180417,22.2776,22.1682,22.3869,21.5395,21.5669,813487,6550383,-0.7107,-3.1902,8.0522,0.2511,2556360000,,2605490043.75,324000000,0,330226875,46.5397,2.4868,1.2803,18.799,
603828.SH,柯利达,20180418,21.5669,21.5942,22.0862,21.3482,22.0042,947678,7536572,0.4374,2.0279,7.9527,0.2925,2608200000,,2658326343.75,324000000,0,330226875,47.4835,2.5373,1.3063,19.1802,
603828.SH,柯利达,20180419,22.0042,21.9496,22.2776,21.7855,22.1682,700089,5659379,0.164,0.7453,8.0838,0.2161,2627640000,,2678139956.25,324000000,0,330226875,47.8374,2.5562,1.316,19.3232,
603828.SH,柯利达,20180420,22.1682,22.2229,22.2776,21.6489,21.7309,678844,5428536,-0.4374,-1.9729,7.9967,0.2095,2575800000,,2625303656.25,324000000,0,330226875,46.8936,2.5058,1.2901,18.942,
603828.SH,柯利达,20180423,21.7309,22.1136,22.4962,21.7855,22.3869,2974352,24121022,0.656,3.0189,8.1097,0.918,2653560000,,2704558106.25,324000000,0,330226875,48.3093,2.5814,1.329,19.5138,
603828.SH,柯利达,20180424,22.3869,22.4142,22.5236,22.1682,22.4689,1132546,9281829,0.082,0.3663,8.1955,0.3496,2663280000,,2714464912.5,324000000,0,330226875,48.4862,2.5909,1.3339,19.5853,
603828.SH,柯利达,20180425,22.4689,22.5509,22.5509,22.0862,22.2229,891657,7240585,-0.246,-1.0949,8.1204,0.2752,2634120000,,2684744493.75,324000000,0,330226875,47.9554,2.5625,1.3193,19.3708,
603828.SH,柯利达,20180426,22.2229,22.2776,22.3322,21.9769,22.0316,826978,6686865,-0.1913,-0.861,8.0859,0.2552,2611440000,,2661628612.5,324000000,0,330226875,46.195,2.5044,1.3079,19.2041,
603828.SH,柯利达,20180427,22.0316,22.2229,22.2502,21.8949,21.9496,541320,4359786,-0.082,-0.3722,8.054,0.1671,2601720000,,2651721806.25,324000000,0,330226875,40.2391,2.4164,1.3031,19.1326,
603828.SH,柯利达,20180502,21.9496,22.0862,22.0862,21.8129,21.8949,571750,4584542,-0.0547,-0.2491,8.0184,0.1765,2595240000,,2645117268.75,324000000,0,330226875,40.1389,2.4104,1.2998,19.0849,
603828.SH,柯利达,20180503,21.8949,22.1409,22.1409,21.5395,22.0316,660483,5285348,0.1367,0.6242,8.0022,0.2039,2611440000,,2661628612.5,324000000,0,330226875,40.3895,2.4254,1.3079,19.2041,
603828.SH,柯利达,20180504,22.0316,22.0589,22.0589,21.7855,21.9496,823620,6595448,-0.082,-0.3722,8.0079,0.2542,2601720000,,2651721806.25,324000000,0,330226875,40.2391,2.4164,1.3031,19.1326,
603828.SH,柯利达,20180507,21.9496,21.8402,22.2229,21.8402,22.1956,961370,7778114,0.246,1.1208,8.0907,0.2967,2630880000,,2681442225,324000000,0,330226875,40.6901,2.4435,1.3177,19.347,
603828.SH,柯利达,20180508,22.1956,22.2229,22.6056,22.1409,22.4689,1634809,13407445,0.2733,1.2315,8.2012,0.5046,2663280000,,2714464912.5,324000000,0,330226875,41.1912,2.4736,1.3339,19.5853,
603828.SH,柯利达,20180509,22.4689,22.4962,22.7149,22.3869,22.6329,1259693,10398048,0.164,0.7299,8.2544,0.3888,2682720000,,2734278525,324000000,0,330226875,41.4919,2.4916,1.3436,19.7282,
603828.SH,柯利达,20180510,22.6329,22.7149,24.519,22.6329,24.2183,5813507,50031999,1.5854,7.0048,8.6062,1.7943,2870640000,,2925810112.5,324000000,0,330226875,44.3983,2.6662,1.4377,21.1102,
603828.SH,柯利达,20180511,24.2183,23.9176,23.9176,23.2343,23.7263,2672633,23036896,-0.492,-2.0316,8.6196,0.8249,2812320000,,2866369275,324000000,0,330226875,43.4963,2.612,1.4085,20.6813,
603828.SH,柯利达,20180514,23.7263,23.7263,23.863,23.0156,23.4529,1436605,12252779,-0.2733,-1.1521,8.529,0.4434,2779920000,,2833346587.5,324000000,0,330226875,42.9952,2.5819,1.3923,20.443,
603828.SH,柯利达,20180515,23.4529,23.3983,23.535,22.9609,23.4803,1882050,15993886,0.0273,0.1166,8.4981,0.5809,2783160000,,2836648856.25,324000000,0,330226875,43.0453,2.5849,1.3939,20.4669,
603828.SH,柯利达,20180516,23.4803,23.3983,23.5623,22.9883,23.3983,1106927,9441066,-0.082,-0.3492,8.5291,0.3416,2773440000,,2826742050,324000000,0,330226875,42.895,2.5759,1.3891,20.3954,
603828.SH,柯利达,20180517,23.3983,23.4256,23.4256,23.0703,23.1249,1143131,9685395,-0.2733,-1.1682,8.4727,0.3528,2741040000,,2793719362.5,324000000,0,330226875,42.3939,2.5458,1.3728,20.1571,
603828.SH,柯利达,20180518,23.1249,23.1523,23.4529,23.0429,23.3163,857850,7306611,0.1913,0.8274,8.5174,0.2648,2763720000,,2816835243.75,324000000,0,330226875,42.7447,2.5669,1.3842,20.3239,
603828.SH,柯利达,20180521,23.3163,23.4256,23.7263,23.3163,23.4529,1744305,15006682,0.1367,0.5862,8.6032,0.5384,2779920000,,2833346587.5,324000000,0,330226875,42.9952,2.5819,1.3923,20.443,
603828.SH,柯利达,20180522,23.4529,23.7263,23.781,23.0976,23.2069,2993362,25610605,-0.246,-1.049,8.5558,0.9239,2750760000,,2803626168.75,324000000,0,330226875,42.5442,2.5548,1.3777,20.2286,
603828.SH,柯利达,20180523,23.2069,23.3163,23.3709,23.0703,23.2343,1128040,9587235,0.0273,0.1178,8.499,0.3482,2754000000,,2806928437.5,324000000,0,330226875,42.5943,2.5578,1.3793,20.2524,
603828.SH,柯利达,20180524,23.2343,23.0976,24.027,22.9883,23.8083,3288246,28349803,0.574,2.4706,8.6216,1.0149,2822040000,,2876276081.25,324000000,0,330226875,43.6467,2.621,1.4134,20.7528,
603828.SH,柯利达,20180525,23.8083,23.9176,23.9996,23.3709,23.4256,1927956,16706318,-0.3827,-1.6073,8.6653,0.595,2776680000,,2830044318.75,324000000,0,330226875,42.9451,2.5789,1.3907,20.4192,
603828.SH,柯利达,20180528,23.4256,23.4256,23.5076,22.3869,23.1249,743950,6299223,-0.3007,-1.2835,8.4673,0.2296,2741040000,,2793719362.5,324000000,0,330226875,42.3939,2.5458,1.3728,20.1571,
603828.SH,柯利达,20180529,23.1249,23.0429,23.6716,22.6876,23.4803,1636410,14057593,0.3553,1.5366,8.5905,0.5051,2783160000,,2836648856.25,324000000,0,330226875,43.0453,2.5849,1.3939,20.4669,
603828.SH,柯利达,20180530,23.4803,23.0156,23.7536,22.7149,23.1249,1871740,15938402,-0.3553,-1.5134,8.5153,0.5777,2741040000,,2793719362.5,324000000,0,330226875,42.3939,2.5458,1.3728,20.1571,
603828.SH,柯利达,20180531,23.1249,23.1796,24.191,22.9883,24.109,4809965,42032565,0.984,4.2553,8.7386,1.4846,2857680000,,2912601037.5,324000000,0,330226875,44.1979,2.6541,1.4312,21.0149,
603828.SH,柯利达,20180601,24.109,23.9176,24.3277,23.5896,24.109,3010006,26274403,0,0,8.729,0.929,2857680000,,2912601037.5,324000000,0,330226875,44.1979,2.6541,1.4312,21.0149,
603828.SH,柯利达,20180604,24.109,24.4917,24.519,23.9176,24.3277,4218347,37388418,0.2187,0.907,8.8633,1.302,2883600000,,2939019187.5,324000000,0,330226875,44.5988,2.6782,1.4442,21.2055,
603828.SH,柯利达,20180605,24.3277,24.2183,24.8743,23.9723,24.1363,4295574,38234729,-0.1913,-0.7865,8.901,1.3258,2860920000,,2915903306.25,324000000,0,330226875,44.248,2.6571,1.4329,21.0387,
603828.SH,柯利达,20180606,24.1363,24.027,24.2183,23.781,23.8083,2780821,24335501,-0.328,-1.359,8.7512,0.8583,2822040000,,2876276081.25,324000000,0,330226875,43.6467,2.621,1.4134,20.7528,
603828.SH,柯利达,20180607,23.8083,23.863,24.1363,23.2069,23.3436,1862673,16006442,-0.4647,-1.9518,8.5933,0.5749,2766960000,,2820137512.5,324000000,0,330226875,42.7948,2.5699,1.3858,20.3477,
603828.SH,柯利达,20180608,23.3436,23.3163,23.3163,22.8516,22.9609,1626950,13702467,-0.3827,-1.6393,8.4222,0.5021,2721600000,,2773905750,324000000,0,330226875,42.0932,2.5277,1.3631,20.0142,
603828.SH,柯利达,20180611,22.9609,22.8789,23.0976,22.6056,22.9883,1435060,11971190,0.0273,0.119,8.3419,0.4429,2724840000,,2777208018.75,324000000,0,330226875,42.1434,2.5307,1.3647,20.038,
603828.SH,柯利达,20180612,22.9883,23.1249,23.1249,22.3596,23.0976,1107680,9212951,0.1093,0.4756,8.3173,0.3419,2737800000,,2790417093.75,324000000,0,330226875,42.3438,2.5428,1.3712,20.1333,
603828.SH,柯利达,20180613,23.0976,23.1249,23.1249,22.5782,23.0156,866460,7255696,-0.082,-0.355,8.374,0.2674,2728080000,,2780510287.5,324000000,0,330226875,42.1935,2.5338,1.3663,20.0618,
603828.SH,柯利达,20180614,23.0156,22.6876,23.1249,22.6876,23.0703,756142,6365917,0.0547,0.2375,8.4189,0.2334,2734560000,,2787114825,324000000,0,330226875,42.2937,2.5398,1.3696,20.1095,
603828.SH,柯利达,20180615,23.0703,23.0976,23.0976,21.9222,22.9883,1360210,11240704,-0.082,-0.3555,8.2639,0.4198,2724840000,,2777208018.75,324000000,0,330226875,42.1434,2.5307,1.3647,20.038,
603828.SH,柯利达,20180619,22.9883,22.1682,23.3983,21.8676,23.1796,2494074,20502761,0.1913,0.8323,8.2206,0.7698,2747520000,,2800323900,324000000,0,330226875,42.4941,2.5518,1.3761,20.2048,
603828.SH,柯利达,20180620,23.1796,22.9336,23.5076,22.5782,23.2069,1226744,10382895,0.0273,0.1179,8.4638,0.3786,2750760000,,2803626168.75,324000000,0,330226875,42.5442,2.5548,1.3777,20.2286,
603828.SH,柯利达,20180621,23.2069,23.0976,24.1363,23.0976,23.2343,1591779,13749981,0.0273,0.1178,8.6381,0.4913,2754000000,,2806928437.5,324000000,0,330226875,42.5943,2.5578,1.3793,20.2524,
603828.SH,柯利达,20180622,23.2343,22.7969,23.6443,22.6056,23.617,832175,7070884,0.3827,1.6471,8.4969,0.2568,2799360000,,2853160200,324000000,0,330226875,43.2959,2.6,1.402,20.586,
603828.SH,柯利达,20180625,23.617,23.617,24.2183,23.5076,24.027,1663424,14570441,0.41,1.7361,8.7593,0.5134,2847960000,,2902694231.25,324000000,0,330226875,44.0476,2.6451,1.4264,20.9434,
603828.SH,柯利达,20180626,24.027,23.6443,24.437,23.6443,24.2456,1839234,16252482,0.2187,0.9101,8.8365,0.5677,2873880000,,2929112381.25,324000000,0,330226875,44.4485,2.6692,1.4394,21.134,
603828.SH,柯利达,20180627,24.2456,24.3003,24.3003,23.5076,23.699,1497227,13103070,-0.5467,-2.2548,8.7516,0.4621,2809080000,,2863067006.25,324000000,0,330226875,43.4462,2.609,1.4069,20.6575,
603828.SH,柯利达,20180628,23.699,23.7346,24.4117,23.5208,23.699,1075820,7244466,0,0,6.7339,0.2554,2800980000,,2854811337.7,421200000,0,429294938,43.321,2.6015,1.4028,20.5979,
603828.SH,柯利达,20180629,23.699,23.699,23.699,21.3469,22.7724,13500355,82156123,-0.9266,-3.9098,6.0855,3.2052,2691468000,,2743194653.82,421200000,0,429294938,41.6272,2.4998,1.348,19.7926,
603828.SH,柯利达,20180702,22.7724,22.0953,22.7367,21.7389,22.5942,3650984,22908797,-0.1782,-0.7825,6.2747,0.8668,2670408000,,2721729906.92,421200000,0,429294938,41.3015,2.4802,1.3375,19.6377,
603828.SH,柯利达,20180703,22.5942,22.4516,23.3069,22.2735,23.0931,2629615,16827612,0.4989,2.2082,6.3993,0.6243,2729376000,,2781831198.24,421200000,0,429294938,42.2135,2.535,1.367,20.0713,
603828.SH,柯利达,20180704,23.0931,23.3069,23.3069,22.7367,22.8437,1090622,7019498,-0.2495,-1.0802,6.4362,0.2589,2699892000,,2751780552.58,421200000,0,429294938,41.7575,2.5076,1.3522,19.8545,
603828.SH,柯利达,20180705,22.8437,22.9149,22.9149,22.3091,22.3447,1078287,6804098,-0.4989,-2.1841,6.3101,0.256,2640924000,,2691679261.26,421200000,0,429294938,40.8455,2.4528,1.3227,19.4209,
603828.SH,柯利达,20180706,22.3447,22.3447,23.4851,21.9884,23.3782,2395088,15500207,1.0335,4.6252,6.4717,0.5686,2763072000,,2816174793.28,421200000,0,429294938,42.7347,2.5663,1.3839,20.3191,
603828.SH,柯利达,20180709,23.3782,23.1644,23.699,23.0218,23.5208,1836549,12092748,0.1426,0.6098,6.5845,0.436,2779920000,,2833346590.8,421200000,0,429294938,42.9952,2.5819,1.3923,20.443,
603828.SH,柯利达,20180710,23.5208,23.5208,24.1979,23.2,24.1266,3086483,20628629,0.6058,2.5758,6.6835,0.7328,2851524000,,2906326730.26,421200000,0,429294938,44.1027,2.6484,1.4282,20.9696,
603828.SH,柯利达,20180711,24.1266,24.0197,24.0197,23.3426,23.5564,1431587,9481755,-0.5702,-2.3634,6.6232,0.3399,2784132000,,2837639540.18,421200000,0,429294938,43.0604,2.5858,1.3944,20.474,
603828.SH,柯利达,20180712,23.5564,23.5564,24.3048,23.4139,24.1979,3619156,24427143,0.6415,2.7231,6.7494,0.8592,2859948000,,2914912629.02,421200000,0,429294938,44.233,2.6562,1.4324,21.0315,
603828.SH,柯利达,20180713,24.1979,23.9841,24.3048,23.5564,24.1266,2237083,15008522,-0.0713,-0.2946,6.709,0.5311,2851524000,,2906326730.26,421200000,0,429294938,44.1027,2.6484,1.4282,20.9696,
603828.SH,柯利达,20180716,24.1266,24.091,24.1266,23.6277,23.6277,905926,6046664,-0.4989,-2.0679,6.6746,0.2151,2792556000,,2846225438.94,421200000,0,429294938,43.1907,2.5936,1.3986,20.5359,
603828.SH,柯利达,20180717,23.6277,23.6277,25.267,23.4139,25.0532,6388654,44011956,1.4255,6.0332,6.8891,1.5168,2961036000,,3017943414.14,421200000,0,429294938,45.7964,2.7501,1.483,21.7749,
603828.SH,柯利达,20180718,25.0532,24.875,25.267,24.5543,24.875,2957054,20668807,-0.1782,-0.7112,6.9897,0.7021,2939976000,,2996478667.24,421200000,0,429294938,45.4707,2.7306,1.4725,21.62,
603828.SH,柯利达,20180719,24.875,24.6612,25.3026,24.3761,24.9819,4408926,30817816,0.1069,0.4298,6.9899,1.0468,2952612000,,3009357515.38,421200000,0,429294938,45.6662,2.7423,1.4788,21.713,
603828.SH,柯利达,20180720,24.9819,24.9106,25.4096,24.5899,25.0175,2600514,18320771,0.0356,0.1427,7.0451,0.6174,2956824000,,3013650464.76,421200000,0,429294938,45.7313,2.7462,1.4809,21.7439,
603828.SH,柯利达,20180723,25.0175,24.9463,27.5122,24.6255,26.8707,6264849,46298357,1.8532,7.4074,7.3902,1.4874,3175848000,,3236883832.52,421200000,0,429294938,49.1188,2.9496,1.5906,23.3546,
603828.SH,柯利达,20180724,26.8707,26.443,27.0489,25.9798,26.1223,6166722,45520524,-0.7484,-2.7851,7.3816,1.4641,3087396000,,3146731895.54,421200000,0,429294938,47.7508,2.8675,1.5463,22.7041,
603828.SH,柯利达,20180725,26.1223,26.051,26.1936,25.3739,25.4452,3872351,27860481,-0.6771,-2.5921,7.1947,0.9194,3007368000,,3065165857.32,421200000,0,429294938,46.513,2.7931,1.5062,22.1156,
603828.SH,柯利达,20180726,25.4452,25.3383,25.9441,25.0888,25.8728,3164552,22687104,0.4277,1.6807,7.1691,0.7513,3057912000,,3116681249.88,421200000,0,429294938,47.2948,2.8401,1.5315,22.4873,
603828.SH,柯利达,20180727,25.8728,25.6234,26.2292,25.3026,25.3383,2584169,18595171,-0.5346,-2.0661,7.1958,0.6135,2994732000,,3052287009.18,421200000,0,429294938,46.3176,2.7814,1.4999,22.0227,
603828.SH,柯利达,20180730,25.3383,25.0532,25.3026,24.5543,24.7681,1819293,12661183,-0.5702,-2.2504,6.9594,0.4319,2927340000,,2983599819.1,421200000,0,429294938,45.2753,2.7188,1.4661,21.5271,
603828.SH,柯利达,20180731,24.7681,24.875,25.4452,24.6255,25.4452,2622119,18532690,0.6771,2.7338,7.0678,0.6225,3007368000,,3065165857.32,421200000,0,429294938,46.513,2.7931,1.5062,22.1156,
603828.SH,柯利达,20180801,25.4452,25.4452,26.2649,25.1245,25.3383,3449488,24965692,-0.1069,-0.4202,7.2375,0.819,2994732000,,3052287009.18,421200000,0,429294938,46.3176,2.7814,1.4999,22.0227,
603828.SH,柯利达,20180802,25.3383,25.3383,25.5877,24.3404,25.2314,2144820,14889620,-0.1069,-0.4219,6.9421,0.5092,2982096000,,3039408161.04,421200000,0,429294938,46.1222,2.7697,1.4936,21.9298,
603828.SH,柯利达,20180803,25.2314,25.1601,25.5877,25.0532,25.4452,1330487,9498134,0.2138,0.8475,7.1388,0.3159,3007368000,,3065165857.32,421200000,0,429294938,46.513,2.7931,1.5062,22.1156,
603828.SH,柯利达,20180806,25.4452,25.3383,25.9441,25.1601,25.9085,1697796,12182488,0.4633,1.8207,7.1755,0.4031,3062124000,,3120974199.26,421200000,0,429294938,47.3599,2.844,1.5336,22.5183,
603828.SH,柯利达,20180807,25.9085,26.0154,26.8351,25.659,26.7994,4382915,32506636,0.8909,3.4388,7.4167,1.0406,3167424000,,3228297933.76,421200000,0,429294938,48.9885,2.9418,1.5864,23.2927,
603828.SH,柯利达,20180808,26.7994,26.9776,26.9776,26.0154,26.2292,2524923,18636753,-0.5702,-2.1277,7.3811,0.5995,3100032000,,3159610743.68,421200000,0,429294938,47.9462,2.8792,1.5526,22.7971,
603828.SH,柯利达,20180809,26.2292,25.8728,26.7281,25.6947,26.4074,2102783,15591067,0.1782,0.6793,7.4145,0.4992,3121092000,,3181075490.58,421200000,0,429294938,48.2719,2.8988,1.5632,22.9519,
603828.SH,柯利达,20180810,26.4074,26.4074,27.2271,26.1223,26.1936,3951101,29476903,-0.2138,-0.8097,7.4604,0.9381,3095820000,,3155317794.3,421200000,0,429294938,47.8811,2.8753,1.5505,22.7661,
603828.SH,柯利达,20180813,26.1936,25.9441,26.1579,25.4808,25.8728,1883550,13598695,-0.3207,-1.2245,7.2197,0.4472,3057912000,,3116681249.88,421200000,0,429294938,47.2948,2.8401,1.5315,22.4873,
603828.SH,柯利达,20180814,25.8728,25.8728,25.8728,25.4452,25.7659,732172,5263922,-0.1069,-0.4132,7.1895,0.1738,3045276000,,3103802401.74,421200000,0,429294938,47.0993,2.8284,1.5252,22.3944,
603828.SH,柯利达,20180815,25.7659,25.5877,26.9776,25.5877,26.6569,5066488,37739254,0.8909,3.4578,7.4488,1.2029,3150576000,,3211126136.24,421200000,0,429294938,48.7279,2.9262,1.5779,23.1688,
603828.SH,柯利达,20180816,26.6569,26.4074,27.2271,26.1223,26.9776,3114464,23470587,0.3207,1.2032,7.536,0.7394,3188484000,,3249762680.66,421200000,0,429294938,49.3142,2.9614,1.5969,23.4475,
603828.SH,柯利达,20180817,26.9776,27.2627,29.6861,26.7638,28.3318,7359135,59053030,1.3542,5.0198,8.0245,1.7472,3348540000,,3412894757.1,421200000,0,429294938,51.7897,3.11,1.6771,24.6246,
603828.SH,柯利达,20180820,28.3318,28.3318,28.6169,27.8685,28.2249,2526181,19983807,-0.1069,-0.3774,7.9107,0.5998,3335904000,,3400015908.96,421200000,0,429294938,51.5943,3.0983,1.6708,24.5316,
603828.SH,柯利达,20180821,28.2249,28.2606,28.7238,27.7973,28.1536,4161104,33092617,-0.0713,-0.2525,7.9528,0.9879,3327480000,,3391430010.2,421200000,0,429294938,51.464,3.0905,1.6665,24.4697,
603828.SH,柯利达,20180822,28.1536,28.3318,28.7595,27.9398,28.7238,3740308,29879000,0.5702,2.0253,7.9884,0.888,3394872000,,3460117200.28,421200000,0,429294938,52.5063,3.153,1.7003,24.9653,
603828.SH,柯利达,20180823,28.7238,28.51,28.6169,28.0824,28.3318,2147299,17130538,-0.392,-1.3648,7.9777,0.5098,3348540000,,3412894757.1,421200000,0,429294938,51.7897,3.11,1.6771,24.6246,
603828.SH,柯利达,20180824,28.3318,28.0111,28.3318,27.8685,27.9398,1399548,11009438,-0.392,-1.3836,7.8664,0.3323,3302208000,,3365672313.92,421200000,0,429294938,51.0731,3.067,1.6539,24.2838,
603828.SH,柯利达,20180827,27.9398,27.9042,28.6169,27.9042,28.4387,1235960,9818827,0.4989,1.7857,7.9443,0.2934,3361176000,,3425773605.24,421200000,0,429294938,51.9852,3.1218,1.6834,24.7175,
603828.SH,柯利达,20180828,28.4387,28.4387,28.6882,28.2962,28.6882,1583124,12693314,0.2495,0.8772,8.0179,0.3759,3390660000,,3455824250.9,421200000,0,429294938,52.4412,3.1491,1.6982,24.9343,
603828.SH,柯利达,20180829,28.6882,28.6882,28.7595,28.4387,28.5813,657576,5269956,-0.1069,-0.3727,8.0142,0.1561,3378024000,,3442945402.76,421200000,0,429294938,43.0802,3.1357,1.6919,24.8414,
603828.SH,柯利达,20180830,28.5813,28.7238,28.7238,27.4409,27.4409,1190950,9318437,-1.1404,-3.99,7.8244,0.2828,3243240000,,3305571022.6,421200000,0,429294938,41.3613,3.0106,1.6244,23.8502,
603828.SH,柯利达,20180831,27.4409,28.1536,28.1536,27.6904,27.9042,814426,6359043,0.4633,1.6883,7.808,0.1934,3297996000,,3361379364.54,421200000,0,429294938,42.0596,3.0614,1.6518,24.2529,
603828.SH,柯利达,20180903,27.9042,27.9755,28.4387,27.7616,28.2249,1047404,8293740,0.3207,1.1494,7.9184,0.2487,3335904000,,3400015908.96,421200000,0,429294938,42.5431,3.0966,1.6708,24.5316,
603828.SH,柯利达,20180904,28.2249,28.3675,28.5813,28.0824,28.2962,717697,5708352,0.0713,0.2525,7.9537,0.1704,3344328000,,3408601807.72,421200000,0,429294938,42.6505,3.1044,1.675,24.5936,
603828.SH,柯利达,20180905,28.2962,28.1536,28.3675,27.9042,27.9755,618262,4868283,-0.3207,-1.1335,7.8741,0.1468,3306420000,,3369965263.3,421200000,0,429294938,42.1671,3.0692,1.656,24.3148,
603828.SH,柯利达,20180906,27.9755,27.9042,28.3318,27.6191,27.9755,849530,6665074,0,0,7.8456,0.2017,3306420000,,3369965263.3,421200000,0,429294938,42.1671,3.0692,1.656,24.3148,
603828.SH,柯利达,20180907,27.9755,27.9755,28.4387,27.4765,28.2606,810421,6400562,0.2851,1.0191,7.8978,0.1924,3340116000,,3404308858.34,421200000,0,429294938,42.5968,3.1005,1.6729,24.5626,
603828.SH,柯利达,20180910,28.2606,28.3318,28.4031,27.9755,28.118,739347,5843604,-0.1426,-0.5044,7.9037,0.1755,3323268000,,3387137060.82,421200000,0,429294938,42.3819,3.0849,1.6644,24.4387,
603828.SH,柯利达,20180911,28.118,28.0111,28.2606,27.4765,27.5478,1229132,9590263,-0.5702,-2.0279,7.8025,0.2918,3255876000,,3318449870.74,421200000,0,429294938,41.5225,3.0223,1.6307,23.9431,
603828.SH,柯利达,20180912,27.5478,27.7973,28.2249,27.5834,28.0824,1598758,12566447,0.5346,1.9405,7.8601,0.3796,3319056000,,3382844111.44,421200000,0,429294938,42.3282,3.081,1.6623,24.4077,
603828.SH,柯利达,20180913,28.0824,28.118,28.4387,27.7973,28.4031,1676663,13298423,0.3207,1.1421,7.9315,0.3981,3356964000,,3421480655.86,421200000,0,429294938,42.8117,3.1161,1.6813,24.6865,
603828.SH,柯利达,20180914,28.4031,27.3696,28.4031,27.3696,27.7973,701783,5483619,-0.6058,-2.133,7.8138,0.1666,3285360000,,3348500516.4,421200000,0,429294938,41.8985,3.0497,1.6454,24.1599,
603828.SH,柯利达,20180917,27.7973,27.7973,27.9755,27.5478,27.6904,337028,2625335,-0.1069,-0.3846,7.7897,0.08,3272724000,,3335621668.26,421200000,0,429294938,41.7373,3.038,1.6391,24.067,
603828.SH,柯利达,20180918,27.6904,27.6904,28.1536,27.4053,28.0467,386409,3028900,0.3564,1.287,7.8386,0.0917,3314844000,,3378551162.06,421200000,0,429294938,42.2745,3.0771,1.6602,24.3768,
603828.SH,柯利达,20180919,28.0467,28.118,28.3318,27.9755,28.2606,720705,5700649,0.2138,0.7624,7.9098,0.1711,3340116000,,3404308858.34,421200000,0,429294938,42.5968,3.1005,1.6729,24.5626,
603828.SH,柯利达,20180920,28.2606,27.9755,28.3675,27.6547,28.0467,546691,4313961,-0.2138,-0.7566,7.891,0.1298,3314844000,,3378551162.06,421200000,0,429294938,42.2745,3.0771,1.6602,24.3768,
603828.SH,柯利达,20180921,28.0467,27.5834,28.6526,27.5834,28.6526,3121433,24550984,0.6058,2.1601,7.8653,0.7411,3386448000,,3451531301.52,421200000,0,429294938,43.1877,3.1435,1.6961,24.9033,
603828.SH,柯利达,20180925,28.6526,28.7595,29.2584,28.5457,28.9733,1389853,11312945,0.3207,1.1194,8.1397,0.33,3424356000,,3490167845.94,421200000,0,429294938,43.6711,3.1787,1.7151,25.1821,
603828.SH,柯利达,20180926,28.9733,29.2584,29.5079,28.7951,29.1515,1545466,12659483,0.1782,0.615,8.1914,0.3669,3445416000,,3511632592.84,421200000,0,429294938,43.9397,3.1983,1.7256,25.337,
603828.SH,柯利达,20180927,29.1515,28.9377,29.3653,28.8664,29.1159,965071,7874635,-0.0356,-0.1222,8.1596,0.2291,3441204000,,3507339643.46,421200000,0,429294938,43.886,3.1943,1.7235,25.306,
603828.SH,柯利达,20180928,29.1159,29.2584,29.7217,29.0802,29.7217,1402650,11608927,0.6058,2.0808,8.2764,0.333,3512808000,,3580319782.92,421200000,0,429294938,44.7992,3.2608,1.7594,25.8326,
603828.SH,柯利达,20181008,29.7217,29.6504,29.6504,28.9377,29.2228,802857,6568535,-0.4989,-1.6787,8.1815,0.1906,3453840000,,3520218491.6,421200000,0,429294938,44.0471,3.2061,1.7298,25.3989,
603828.SH,柯利达,20181009,29.2228,29.3297,29.3297,28.7238,29.0802,448150,3644030,-0.1426,-0.4878,8.1313,0.1064,3436992000,,3503046694.08,421200000,0,429294938,43.8323,3.1904,1.7214,25.275,
603828.SH,柯利达,20181010,29.0802,29.1159,29.1871,28.8664,29.0446,314920,2567097,-0.0356,-0.1225,8.1516,0.0748,3432780000,,3498753744.7,421200000,0,429294938,43.7786,3.1865,1.7193,25.244,
603828.SH,柯利达,20181011,29.0446,27.8329,28.8664,27.6191,28.2606,3294163,25909564,-0.784,-2.6994,7.8653,0.7821,3340116000,,3404308858.34,421200000,0,429294938,42.5968,3.1005,1.6729,24.5626,
603828.SH,柯利达,20181012,28.2606,27.9398,28.7951,27.8685,28.6882,2308541,18352401,0.4277,1.5132,7.9498,0.5481,3390660000,,3455824250.9,421200000,0,429294938,43.2414,3.1474,1.6982,24.9343,
603828.SH,柯利达,20181015,28.6882,28.9377,28.9377,27.6191,28.3318,954802,7590151,-0.3564,-1.2422,7.9495,0.2267,3348540000,,3412894757.1,421200000,0,429294938,42.7042,3.1083,1.6771,24.6246,
603828.SH,柯利达,20181016,28.3318,28.3675,28.7595,27.9042,28.51,1004600,7985433,0.1782,0.6289,7.9489,0.2385,3369600000,,3434359504,421200000,0,429294938,42.9728,3.1279,1.6876,24.7794,
603828.SH,柯利达,20181017,28.51,28.51,29.0446,28.1893,28.7951,1679970,13515562,0.2851,1,8.0451,0.3989,3403296000,,3468703099.04,421200000,0,429294938,43.4025,3.1592,1.7045,25.0272,
603828.SH,柯利达,20181018,28.7951,28.51,28.51,27.8329,27.8685,1214593,9561286,-0.9266,-3.2178,7.872,0.2884,3293784000,,3357086415.16,421200000,0,429294938,42.0059,3.0575,1.6497,24.2219,
603828.SH,柯利达,20181019,27.8685,27.7973,28.4387,27.1558,28.2249,2074460,16344043,0.3564,1.2788,7.8787,0.4925,3335904000,,3400015908.96,421200000,0,429294938,42.5431,3.0966,1.6708,24.5316,
603828.SH,柯利达,20181022,28.2249,28.1893,29.9355,28.1536,29.5791,3318225,27237672,1.3542,4.798,8.2085,0.7878,3495960000,,3563147985.4,421200000,0,429294938,44.5843,3.2452,1.7509,25.7087,
603828.SH,柯利达,20181023,29.5791,29.5791,29.5791,29.0089,29.2584,1023631,8376373,-0.3207,-1.0843,8.183,0.243,3458052000,,3524511440.98,421200000,0,429294938,44.1008,3.21,1.7319,25.4299,
603828.SH,柯利达,20181024,29.2584,29.5435,29.5435,28.6169,29.1871,753300,6161994,-0.0713,-0.2436,8.18,0.1788,3449628000,,3515925542.22,421200000,0,429294938,43.9934,3.2022,1.7277,25.3679,
603828.SH,柯利达,20181025,29.1871,28.5813,29.0802,28.51,28.902,446309,3606548,-0.2851,-0.9768,8.0808,0.106,3415932000,,3481581947.18,421200000,0,429294938,43.5637,3.1709,1.7108,25.1201,
603828.SH,柯利达,20181026,28.902,29.0802,29.0802,27.7973,28.2249,1307953,10392809,-0.6771,-2.3428,7.9459,0.3105,3335904000,,3400015908.96,421200000,0,429294938,42.5431,3.0966,1.6708,24.5316,
603828.SH,柯利达,20181029,28.2249,28.1893,28.2962,27.6191,27.726,731700,5726600,-0.4989,-1.7677,7.8264,0.1737,3276936000,,3339914617.64,421200000,0,429294938,39.3058,2.9779,1.6412,24.098,
603828.SH,柯利达,20181030,27.726,27.4409,28.0824,27.334,27.9042,591693,4601956,0.1782,0.6427,7.7776,0.1405,3297996000,,3361379364.54,421200000,0,429294938,39.5584,2.9971,1.6518,24.2529,
603828.SH,柯利达,20181031,27.9042,27.4765,28.1536,27.4765,27.9755,353014,2771493,0.0713,0.2554,7.8509,0.0838,3306420000,,3369965263.3,421200000,0,429294938,39.6595,3.0047,1.656,24.3148,
603828.SH,柯利达,20181101,27.9755,28.2606,28.4744,27.6191,27.9398,381958,2998779,-0.0356,-0.1274,7.8511,0.0907,3302208000,,3365672313.92,421200000,0,429294938,39.6089,3.0009,1.6539,24.2838,
603828.SH,柯利达,20181102,27.9398,27.9398,28.1536,27.4409,27.726,1288376,9998860,-0.2138,-0.7653,7.7608,0.3059,3276936000,,3339914617.64,421200000,0,429294938,39.3058,2.9779,1.6412,24.098,
603828.SH,柯利达,20181105,27.726,27.726,27.9042,27.4765,27.7973,1032262,8039275,0.0713,0.2571,7.788,0.2451,3285360000,,3348500516.4,421200000,0,429294938,39.4068,2.9856,1.6454,24.1599,
603828.SH,柯利达,20181106,27.7973,27.7973,27.7973,27.0845,27.1202,1155322,8819516,-0.6771,-2.4359,7.6338,0.2743,3205332000,,3266934478.18,421200000,0,429294938,38.4469,2.9129,1.6054,23.5714,
603828.SH,柯利达,20181107,27.1202,27.4765,28.1893,27.1558,28.1536,1648834,12840626,1.0335,3.8108,7.7877,0.3915,3327480000,,3391430010.2,421200000,0,429294938,39.9121,3.0239,1.6665,24.4697,
603828.SH,柯利达,20181108,28.1536,28.1536,28.2962,27.6191,27.6547,1286179,10043108,-0.4989,-1.7722,7.8085,0.3054,3268512000,,3331328718.88,421200000,0,429294938,39.2048,2.9703,1.637,24.036,
603828.SH,柯利达,20181109,27.6547,27.6547,27.6547,27.1914,27.4053,505882,3877601,-0.2495,-0.9021,7.665,0.1201,3239028000,,3301278073.22,421200000,0,429294938,38.8511,2.9435,1.6222,23.8192,
603828.SH,柯利达,20181112,27.4053,27.4053,27.7973,27.2627,27.6547,627491,4847273,0.2495,0.9103,7.7248,0.149,3268512000,,3331328718.88,421200000,0,429294938,39.2048,2.9703,1.637,24.036,
603828.SH,柯利达,20181113,27.6547,27.5834,28.0824,27.1558,27.7616,1267767,9836652,0.1069,0.3866,7.759,0.301,3281148000,,3344207567.02,421200000,0,429294938,39.3563,2.9818,1.6433,24.129,
603828.SH,柯利达,20181114,27.7616,27.726,27.8329,27.2627,27.4053,1468392,11315521,-0.3564,-1.2837,7.7061,0.3486,3239028000,,3301278073.22,421200000,0,429294938,38.8511,2.9435,1.6222,23.8192,
603828.SH,柯利达,20181115,27.4053,27.4409,28.9377,27.2983,28.7238,3287892,26110310,1.3186,4.8114,7.9414,0.7806,3394872000,,3460117200.28,421200000,0,429294938,40.7204,3.0851,1.7003,24.9653,
603828.SH,柯利达,20181116,28.7238,28.7951,28.8664,27.7973,28.0111,3356127,26486222,-0.7128,-2.4814,7.8919,0.7968,3310632000,,3374258212.68,421200000,0,429294938,39.71,3.0085,1.6581,24.3458,
603828.SH,柯利达,20181119,28.0111,27.9042,28.0111,27.4765,28.0111,1492832,11614016,0,0,7.7799,0.3544,3310632000,,3374258212.68,421200000,0,429294938,39.71,3.0085,1.6581,24.3458,
603828.SH,柯利达,20181120,28.0111,28.1536,28.1536,27.1202,27.1202,1419560,10896383,-0.8909,-3.1807,7.6759,0.337,3205332000,,3266934478.18,421200000,0,429294938,38.4469,2.9129,1.6054,23.5714,
603828.SH,柯利达,20181121,27.1202,26.9776,27.4409,26.4787,27.2627,652546,4945394,0.1426,0.5256,7.5786,0.1549,3222180000,,3284106275.7,421200000,0,429294938,38.649,2.9282,1.6138,23.6953,
603828.SH,柯利达,20181122,27.2627,27.1914,27.2627,26.443,26.5856,1571310,11748722,-0.6771,-2.4837,7.477,0.3731,3142152000,,3202540237.48,421200000,0,429294938,37.6891,2.8554,1.5737,23.1068,
603828.SH,柯利达,20181123,26.5856,26.7281,26.7281,25.3026,25.7659,1363457,9880077,-0.8197,-3.0831,7.2463,0.3237,3045276000,,3103802401.74,421200000,0,429294938,36.5271,2.7674,1.5252,22.3944,
603828.SH,柯利达,20181126,25.7659,25.5521,26.051,25.5521,25.9441,501042,3627152,0.1782,0.6916,7.2392,0.119,3066336000,,3125267148.64,421200000,0,429294938,36.7797,2.7865,1.5358,22.5493,
603828.SH,柯利达,20181127,25.9441,26.0867,26.3718,25.8016,26.1936,689812,5047845,0.2495,0.9615,7.3177,0.1638,3095820000,,3155317794.3,421200000,0,429294938,37.1334,2.8133,1.5505,22.7661,
603828.SH,柯利达,20181128,26.1936,25.9441,26.2292,25.3026,26.2292,596250,4323011,0.0356,0.1361,7.2503,0.1416,3100032000,,3159610743.68,421200000,0,429294938,37.1839,2.8172,1.5526,22.7971,
603828.SH,柯利达,20181129,26.2292,28.0467,28.8664,26.6569,28.8664,11981062,95090714,2.6372,10.0543,7.9368,2.8445,3411720000,,3477288997.8,421200000,0,429294938,40.9225,3.1004,1.7087,25.0892,
603828.SH,柯利达,20181130,28.8664,28.8308,29.2228,28.1893,28.7951,2932490,23636561,-0.0713,-0.2469,8.0602,0.6962,3403296000,,3468703099.04,421200000,0,429294938,40.8214,3.0928,1.7045,25.0272,
603828.SH,柯利达,20181203,28.7951,28.902,29.3297,28.4387,28.902,3771065,30377134,0.1069,0.3713,8.0553,0.8953,3415932000,,3481581947.18,421200000,0,429294938,40.973,3.1042,1.7108,25.1201,
603828.SH,柯利达,20181204,28.902,28.9377,28.9733,27.9755,27.9755,3136885,24877638,-0.9266,-3.2059,7.9307,0.7447,3306420000,,3369965263.3,421200000,0,429294938,39.6595,3.0047,1.656,24.3148,
603828.SH,柯利达,20181205,27.9755,27.0845,28.4031,26.7994,28.0111,2604761,20170940,0.0356,0.1274,7.7439,0.6184,3310632000,,3374258212.68,421200000,0,429294938,39.71,3.0085,1.6581,24.3458,
603828.SH,柯利达,20181206,28.0111,27.726,27.9755,27.1914,27.2627,1471508,11364200,-0.7484,-2.6718,7.7228,0.3494,3222180000,,3284106275.7,421200000,0,429294938,38.649,2.9282,1.6138,23.6953,
603828.SH,柯利达,20181207,27.2627,27.5122,27.8685,27.334,27.6904,864130,6697919,0.4277,1.5686,7.7511,0.2052,3272724000,,3335621668.26,421200000,0,429294938,39.2553,2.9741,1.6391,24.067,
603828.SH,柯利达,20181210,27.6904,27.3696,28.8308,27.0132,28.3318,1862522,14592481,0.6415,2.3166,7.8348,0.4422,3348540000,,3412894757.1,421200000,0,429294938,40.1647,3.043,1.6771,24.6246,
603828.SH,柯利达,20181211,28.3318,28.4031,28.5813,27.7973,27.8685,793555,6241007,-0.4633,-1.6352,7.8646,0.1884,3293784000,,3357086415.16,421200000,0,429294938,39.5079,2.9932,1.6497,24.2219,
603828.SH,柯利达,20181212,27.8685,27.726,27.8685,27.1558,27.4053,809047,6229077,-0.4633,-1.6624,7.6993,0.1921,3239028000,,3301278073.22,421200000,0,429294938,38.8511,2.9435,1.6222,23.8192,
603828.SH,柯利达,20181213,27.4053,27.4409,27.9755,27.2627,27.5834,778090,6010560,0.1782,0.6502,7.7248,0.1847,3260088000,,3322742820.12,421200000,0,429294938,39.1037,2.9626,1.6328,23.9741,
603828.SH,柯利达,20181214,27.5834,27.5122,27.9398,27.3696,27.726,2193581,17102573,0.1426,0.5168,7.7966,0.5208,3276936000,,3339914617.64,421200000,0,429294938,39.3058,2.9779,1.6412,24.098,
603828.SH,柯利达,20181217,27.726,27.4765,27.726,27.0132,27.2627,1859960,14191448,-0.4633,-1.671,7.63,0.4416,3222180000,,3284106275.7,421200000,0,429294938,38.649,2.9282,1.6138,23.6953,
603828.SH,柯利达,20181218,27.2627,27.1558,27.334,26.7281,27.0489,1827730,13838761,-0.2138,-0.7843,7.5716,0.4339,3196908000,,3258348579.42,421200000,0,429294938,38.3459,2.9052,1.6011,23.5095,
603828.SH,柯利达,20181219,27.0489,27.0489,27.1558,26.942,27.0132,535789,4070752,-0.0356,-0.1318,7.5977,0.1272,3192696000,,3254055630.04,421200000,0,429294938,38.2954,2.9014,1.599,23.4785,
603828.SH,柯利达,20181220,27.0132,27.0132,27.2627,26.6212,26.7281,521780,3936800,-0.2851,-1.0554,7.5449,0.1239,3159000000,,3219712035,421200000,0,429294938,37.8912,2.8707,1.5822,23.2307,
603828.SH,柯利达,20181221,26.7281,26.7281,27.0132,26.6212,26.7994,362411,2722359,0.0713,0.2667,7.5118,0.086,3167424000,,3228297933.76,421200000,0,429294938,37.9922,2.8784,1.5864,23.2927,
603828.SH,柯利达,20181224,26.7994,26.7281,27.4053,26.7281,27.0132,479504,3628532,0.2138,0.7979,7.5673,0.1138,3192696000,,3254055630.04,421200000,0,429294938,38.2954,2.9014,1.599,23.4785,
603828.SH,柯利达,20181225,27.0132,27.1202,27.1202,26.0154,26.7281,968723,7200683,-0.2851,-1.0554,7.4332,0.23,3159000000,,3219712035,421200000,0,429294938,37.8912,2.8707,1.5822,23.2307,
603828.SH,柯利达,20181226,26.7281,26.942,26.942,26.3718,26.443,324508,2420640,-0.2851,-1.0667,7.4594,0.077,3125304000,,3185368439.96,421200000,0,429294938,37.487,2.8401,1.5653,22.9829,
603828.SH,柯利达,20181227,26.443,26.7994,27.2983,26.4787,26.9063,694000,5258792,0.4633,1.752,7.5775,0.1648,3180060000,,3241176781.9,421200000,0,429294938,38.1438,2.8899,1.5927,23.3856,
603828.SH,柯利达,20181228,26.9063,26.7994,27.2983,26.7994,27.0845,592161,4502664,0.1782,0.6623,7.6038,0.1406,3201120000,,3262641528.8,421200000,0,429294938,38.3964,2.909,1.6033,23.5405,
603828.SH,柯利达,20190102,27.0845,27.3696,27.8685,27.0489,27.1914,194562,1481882,0.1069,0.3947,7.6165,0.0462,3213756000,,3275520376.94,421200000,0,429294938,38.548,2.9205,1.3732,34.2167,
603828.SH,柯利达,20190103,27.1914,27.4409,27.4409,27.0845,27.334,531504,4064143,0.1426,0.5242,7.6465,0.1262,3230604000,,3292692174.46,421200000,0,429294938,38.7501,2.9358,1.3804,34.396,
603828.SH,柯利达,20190104,27.334,27.2983,27.5122,26.6212,27.5122,1515774,11532044,0.1782,0.6519,7.608,0.3599,3251664000,,3314156921.36,421200000,0,429294938,39.0027,2.955,1.3894,34.6203,
603828.SH,柯利达,20190107,27.5122,27.4765,28.0467,27.2271,27.9398,2175140,16860476,0.4277,1.5544,7.7514,0.5164,3302208000,,3365672313.92,421200000,0,429294938,39.6089,3.0009,1.411,35.1584,
603828.SH,柯利达,20190108,27.9398,28.4387,28.4387,27.4053,27.9398,3328124,25959161,0,0,7.7999,0.7902,3302208000,,3365672313.92,421200000,0,429294938,39.6089,3.0009,1.411,35.1584,
603828.SH,柯利达,20190109,27.9398,27.9398,28.51,27.5122,28.1893,2898390,22905788,0.2495,0.8929,7.9029,0.6881,3331692000,,3395722959.58,421200000,0,429294938,39.9626,3.0277,1.4236,35.4723,
603828.SH,柯利达,20190110,28.1893,27.9398,28.3675,27.8685,28.3318,2318574,18323918,0.1426,0.5057,7.9031,0.5505,3348540000,,3412894757.1,421200000,0,429294938,40.1647,3.043,1.4308,35.6517,
603828.SH,柯利达,20190111,28.3318,28.3318,28.6882,27.8329,28.6526,2634515,20860985,0.3207,1.1321,7.9183,0.6255,3386448000,,3451531301.52,421200000,0,429294938,40.6194,3.0774,1.447,36.0553,
603828.SH,柯利达,20190114,28.6526,28.6526,31.1472,28.6526,30.2919,5190443,43963899,1.6393,5.7214,8.4702,1.2323,3580200000,,3649006973,421200000,0,429294938,42.9434,3.2535,1.5298,38.1182,
603828.SH,柯利达,20190115,30.2919,30.7196,30.969,29.793,30.3632,3893641,33136939,0.0713,0.2353,8.5105,0.9244,3588624000,,3657592871.76,421200000,0,429294938,43.0444,3.2612,1.5334,38.2079,
603828.SH,柯利达,20190116,30.3632,30.3988,30.4701,28.7595,29.9355,4671082,38801610,-0.4277,-1.4085,8.3068,1.109,3538080000,,3606077479.2,421200000,0,429294938,42.4381,3.2152,1.5118,37.6697,
603828.SH,柯利达,20190117,29.9355,29.5791,30.1137,29.1871,29.3653,3330634,27610639,-0.5702,-1.9048,8.2899,0.7907,3470688000,,3537390289.12,421200000,0,429294938,41.6298,3.154,1.483,36.9522,
603828.SH,柯利达,20190118,29.3653,29.3653,31.9669,29.3653,31.361,6944873,60616569,1.9957,6.7961,8.7282,1.6488,3706560000,,3777795454.4,421200000,0,429294938,44.459,3.3683,1.5838,39.4635,
603828.SH,柯利达,20190121,31.361,31.6461,32.252,31.0403,31.4679,4652226,41374460,0.1069,0.3409,8.8935,1.1045,3719196000,,3790674302.54,421200000,0,429294938,44.6106,3.3798,1.5892,39.598,
603828.SH,柯利达,20190122,31.4679,31.3254,31.5392,30.577,30.6483,3330937,28874893,-0.8197,-2.6048,8.6687,0.7908,3622320000,,3691936466.8,421200000,0,429294938,43.4486,3.2918,1.5478,38.5666,
603828.SH,柯利达,20190123,30.6483,30.7196,30.8265,29.5079,29.7573,4424002,37225943,-0.8909,-2.907,8.4145,1.0503,3517020000,,3584612732.3,421200000,0,429294938,42.1855,3.1961,1.5028,37.4455,
603828.SH,柯利达,20190124,29.7573,29.7573,30.0424,29.0802,29.3297,5006485,41261768,-0.4277,-1.4371,8.2417,1.1886,3466476000,,3533097339.74,421200000,0,429294938,41.5793,3.1502,1.4812,36.9073,
603828.SH,柯利达,20190125,29.3297,29.2584,29.8286,29.1515,29.793,3904064,32384323,0.4633,1.5796,8.295,0.9269,3521232000,,3588905681.68,421200000,0,429294938,42.2361,3.1999,1.5046,37.4903,
603828.SH,柯利达,20190128,29.793,29.793,30.2206,29.2228,29.3297,2293414,19154070,-0.4633,-1.555,8.3518,0.5445,3466476000,,3533097339.74,421200000,0,429294938,41.5793,3.1502,1.4812,36.9073,
603828.SH,柯利达,20190129,29.3297,29.3297,29.5079,28.4387,29.4366,2046235,16656228,0.1069,0.3645,8.1399,0.4858,3479112000,,3545976187.88,421200000,0,429294938,41.7308,3.1617,1.4866,37.0419,
603828.SH,柯利达,20190130,29.4366,29.4366,29.6861,29.1159,29.5079,1828779,15078421,0.0713,0.2421,8.2451,0.4342,3487536000,,3554562086.64,421200000,0,429294938,41.8319,3.1693,1.4902,37.1316,
603828.SH,柯利达,20190131,29.5079,29.4722,31.0047,29.2584,30.5414,4485737,38019293,1.0335,3.5024,8.4756,1.065,3609684000,,3679057618.66,421200000,0,429294938,43.297,3.2803,1.5424,38.4321,
603828.SH,柯利达,20190201,30.5414,30.6839,30.7552,30.1137,30.6483,1612422,13784433,0.1069,0.3501,8.5489,0.3828,3622320000,,3691936466.8,421200000,0,429294938,43.4486,3.2918,1.5478,38.5666,
603828.SH,柯利达,20190211,30.6483,30.4701,31.1116,30.4701,31.0403,1930051,16711957,0.392,1.2791,8.6588,0.4582,3668652000,,3739158909.98,421200000,0,429294938,44.0043,3.3339,1.5676,39.0599,
603828.SH,柯利达,20190212,31.0403,31.5749,31.5749,30.2206,30.6483,4968782,42515582,-0.392,-1.2629,8.5565,1.1797,3622320000,,3691936466.8,421200000,0,429294938,43.4486,3.2918,1.5478,38.5666,
603828.SH,柯利达,20190213,30.6483,30.3632,31.6461,29.6504,31.3254,5220458,44578447,0.6771,2.2093,8.5392,1.2394,3702348000,,3773502505.02,421200000,0,429294938,44.4085,3.3645,1.582,39.4187,
603828.SH,柯利达,20190214,31.3254,31.0403,31.753,30.8977,31.4323,4757369,41962254,0.1069,0.3413,8.8205,1.1295,3714984000,,3786381353.16,421200000,0,429294938,44.56,3.376,1.5874,39.5532,
603828.SH,柯利达,20190215,31.4323,31.4679,32.0738,31.1116,31.1472,3728601,32855736,-0.2851,-0.907,8.8118,0.8852,3681288000,,3752037758.12,421200000,0,429294938,44.1559,3.3454,1.573,39.1944,
603828.SH,柯利达,20190218,31.1472,31.1828,31.7887,31.1116,31.5392,4127055,36528419,0.392,1.2586,8.851,0.9798,3727620000,,3799260201.3,421200000,0,429294938,44.7116,3.3875,1.5928,39.6877,
603828.SH,柯利达,20190219,31.5392,30.7908,31.1828,30.6839,30.7552,3081352,26736700,-0.784,-2.4859,8.6769,0.7316,3634956000,,3704815314.94,421200000,0,429294938,43.6001,3.3033,1.5532,38.7011,
603828.SH,柯利达,20190220,30.7552,30.8621,31.0403,30.0068,30.5414,3278636,28037202,-0.2138,-0.6952,8.5515,0.7784,3609684000,,3679057618.66,421200000,0,429294938,43.297,3.2803,1.5424,38.4321,
603828.SH,柯利达,20190221,30.5414,30.6126,30.7908,29.793,29.8286,4649808,39152411,-0.7128,-2.3337,8.4202,1.1039,3525444000,,3593198631.06,421200000,0,429294938,42.2866,3.2038,1.5064,37.5352,
603828.SH,柯利达,20190222,29.8286,29.8999,29.9712,29.2228,29.7573,4007976,33111069,-0.0713,-0.2389,8.2613,0.9516,3517020000,,3584612732.3,421200000,0,429294938,42.1855,3.1961,1.5028,37.4455,
603828.SH,柯利达,20190225,29.7573,29.8286,32.5727,29.7217,31.8956,15017399,132765024,2.1383,7.1856,8.8407,3.5654,3769740000,,3842189695.1,421200000,0,429294938,45.2168,3.4258,1.6108,40.1362,
603828.SH,柯利达,20190226,31.8956,31.4679,34.1764,31.1828,34.1051,20758799,193362019,2.2095,6.9274,9.3147,4.9285,4030884000,,4108352556.66,421200000,0,429294938,48.3492,3.6631,1.7224,42.9166,
603828.SH,柯利达,20190227,34.1051,33.7844,35.9583,33.3211,34.5684,17055821,165031768,0.4633,1.3584,9.676,4.0493,4085640000,,4164160898.6,421200000,0,429294938,49.0059,3.7128,1.7458,43.4995,
603828.SH,柯利达,20190228,34.5684,33.6775,34.6397,33.1073,33.8557,12328987,116862101,-0.7128,-2.0619,9.4786,2.9271,4001400000,,4078301911,421200000,0,429294938,47.9955,3.6363,1.7098,42.6026,
603828.SH,柯利达,20190301,33.8557,33.8557,35.6019,33.4636,33.8557,10974918,106100495,0,0,9.6675,2.6056,4001400000,,4078301911,421200000,0,429294938,47.9955,3.6363,1.7098,42.6026,
603828.SH,柯利达,20190304,33.8557,34.212,36.1721,32.8934,36.1721,15120404,145600394,2.3164,6.8421,9.6294,3.5898,4275180000,,4357343620.7,421200000,0,429294938,51.2794,3.8851,1.8268,45.5176,
603828.SH,柯利达,20190305,36.1721,38.7024,39.8071,36.3503,39.3795,23637683,259158875,3.2074,8.867,10.9638,5.612,4654260000,,4743709064.9,421200000,0,429294938,55.8264,4.2296,1.9888,49.5536,
603828.SH,柯利达,20190306,39.3795,38.4885,39.6646,37.7401,38.346,9395038,100752791,-1.0335,-2.6244,10.724,2.2305,4532112000,,4619213532.88,421200000,0,429294938,54.3612,4.1186,1.9366,48.2531,
603828.SH,柯利达,20190307,38.346,38.2747,38.2747,37.4907,37.8827,7027745,74485957,-0.4633,-1.2082,10.5988,1.6685,4477356000,,4563405190.94,421200000,0,429294938,53.7045,4.0688,1.9132,47.6701,
603828.SH,柯利达,20190308,37.8827,37.2056,37.3838,36.1721,36.4216,8825255,90823067,-1.4611,-3.857,10.2913,2.0953,4304664000,,4387394266.36,421200000,0,429294938,51.6331,3.9119,1.8394,45.8315,
603828.SH,柯利达,20190311,36.4216,37.0274,38.346,36.3859,38.2391,7373536,77611678,1.8175,4.9902,10.5257,1.7506,4519476000,,4606334684.74,421200000,0,429294938,54.2097,4.1071,1.9312,48.1186,
603828.SH,柯利达,20190312,38.2391,38.0609,38.3103,36.6354,37.7045,6942806,73083910,-0.5346,-1.3979,10.5266,1.6483,4456296000,,4541940444.04,421200000,0,429294938,53.4518,4.0497,1.9042,47.4459,
603828.SH,柯利达,20190313,37.7045,38.346,39.3795,36.4928,37.3838,12609419,135661876,-0.3207,-0.8507,10.7588,2.9937,4418388000,,4503303899.62,421200000,0,429294938,52.9972,4.0152,1.888,47.0423,
603828.SH,柯利达,20190314,37.3838,37.4194,37.4194,35.7444,36.8492,7170951,73391989,-0.5346,-1.4299,10.2346,1.7025,4355208000,,4438909658.92,421200000,0,429294938,52.2393,3.9578,1.861,46.3696,
603828.SH,柯利达,20190315,36.8492,36.8492,37.8114,35.8157,35.887,9122889,94219315,-0.9622,-2.6112,10.3278,2.1659,4241484000,,4323000025.66,421200000,0,429294938,50.8752,3.8545,1.8124,45.1588,
603828.SH,柯利达,20190318,35.887,35.9226,36.3146,35.2812,36.0652,7028046,70725289,0.1782,0.4965,10.0633,1.6686,4262544000,,4344464772.56,421200000,0,429294938,51.1279,3.8736,1.8214,45.383,
603828.SH,柯利达,20190319,36.0652,36.3503,36.3859,35.6375,36.1721,7335202,74178116,0.1069,0.2964,10.1126,1.7415,4275180000,,4357343620.7,421200000,0,429294938,51.2794,3.8851,1.8268,45.5176,
603828.SH,柯利达,20190320,36.1721,36.1008,38.1322,36.1008,37.063,7449457,77212503,0.8909,2.4631,10.3648,1.7686,4380480000,,4464667355.2,421200000,0,429294938,52.5425,3.9808,1.8718,46.6387,
603828.SH,柯利达,20190321,37.063,37.063,37.063,36.4572,36.9205,4676207,48185671,-0.1426,-0.3846,10.3044,1.1102,4363632000,,4447495557.68,421200000,0,429294938,52.3404,3.9655,1.8646,46.4593,
603828.SH,柯利达,20190322,36.9205,36.9918,36.9918,36.0295,36.2077,3122910,31769156,-0.7128,-1.9305,10.1729,0.7414,4279392000,,4361636570.08,421200000,0,429294938,51.3299,3.8889,1.8286,45.5624,
603828.SH,柯利达,20190325,36.2077,35.7444,36.7779,35.2812,36.2077,4737847,48013798,0,0,10.1341,1.1248,4279392000,,4361636570.08,421200000,0,429294938,51.3299,3.8889,1.8286,45.5624,
603828.SH,柯利达,20190326,36.2077,36.279,36.5285,34.7822,34.8891,4442360,44267002,-1.3186,-3.6417,9.9647,1.0547,4123548000,,4202797443.02,421200000,0,429294938,49.4606,3.7473,1.762,43.9032,
603828.SH,柯利达,20190327,34.8891,34.8535,35.4237,33.5349,34.3902,3672743,35377205,-0.4989,-1.43,9.6324,0.872,4064580000,,4142696151.7,421200000,0,429294938,48.7533,3.6937,1.7368,43.2753,
603828.SH,柯利达,20190328,34.3902,34.212,34.711,33.82,34.6397,2731020,26375510,0.2495,0.7254,9.6578,0.6484,4094064000,,4172746797.36,421200000,0,429294938,49.107,3.7205,1.7494,43.5892,
603828.SH,柯利达,20190329,34.6397,34.6397,36.2077,34.4259,36.0652,4230749,42313895,1.4255,4.1152,10.0015,1.0045,4262544000,,4307496078.6,421200000,0,425641905,50.6928,3.8406,1.8059,44.9969,
603828.SH,柯利达,20190401,36.0652,36.3146,38.5598,36.3146,38.346,9681351,101937530,2.2808,6.3241,10.5293,2.2985,4532112000,,4579906897.8,421200000,0,425641905,53.8987,4.0835,1.9201,47.8425,
603828.SH,柯利达,20190402,38.346,38.0609,38.7736,36.8136,37.6332,9525804,100253588,-0.7128,-1.8587,10.5244,2.2616,4447872000,,4494778516.8,421200000,0,425641905,52.8968,4.0076,1.8844,46.9532,
603828.SH,柯利达,20190403,37.6332,37.5976,38.3103,36.8492,37.8114,5841249,61373936,0.1782,0.4735,10.507,1.3868,4468932000,,4516060612.05,421200000,0,425641905,53.1473,4.0266,1.8933,47.1756,
603828.SH,柯利达,20190404,37.8114,37.562,37.7758,36.7779,36.7779,3739238,38926792,-1.0335,-2.7333,10.4104,0.8878,4346784000,,4392624459.6,421200000,0,425641905,51.6946,3.9165,1.8416,45.8861,
603828.SH,柯利达,20190408,36.7779,36.8136,37.7758,36.5997,37.7758,7979878,83352828,0.9979,2.7132,10.4454,1.8946,4464720000,,4511804193,421200000,0,425641905,53.0972,4.0228,1.8915,47.1311,
603828.SH,柯利达,20190409,37.7758,37.8827,38.0252,37.1699,37.5976,5786511,60909376,-0.1782,-0.4717,10.5261,1.3738,4443660000,,4490522097.75,421200000,0,425641905,52.8467,4.0038,1.8826,46.9088,
603828.SH,柯利达,20190410,37.5976,37.1699,38.3103,37.063,38.2391,6477129,68885311,0.6415,1.7062,10.6352,1.5378,4519476000,,4567137640.65,421200000,0,425641905,53.7484,4.0721,1.9147,47.7091,
603828.SH,柯利达,20190411,38.2391,38.0965,39.4151,37.8471,39.2369,7568022,82674468,0.9979,2.6095,10.9242,1.7968,4637412000,,4686317374.05,421200000,0,425641905,55.1509,4.1784,1.9647,48.9541,
603828.SH,柯利达,20190412,39.2369,39.2726,40.7693,38.8805,40.6268,9862249,110898092,1.3899,3.5422,11.2447,2.3415,4801680000,,4852317717,421200000,0,425641905,57.1045,4.3264,2.0343,50.6882,
603828.SH,柯利达,20190415,40.6268,41.1613,41.9097,39.2013,39.7715,7421574,84490604,-0.8553,-2.1053,11.3845,1.762,4700592000,,4750163659.8,421200000,0,425641905,55.9023,4.2353,1.9915,49.621,
603828.SH,柯利达,20190416,39.7715,39.4864,41.2683,39.2013,41.2683,7616212,86248020,1.4968,3.7634,11.3243,1.8082,4877496000,,4928933259.9,421200000,0,425641905,58.0062,4.3947,2.0664,51.4885,
603828.SH,柯利达,20190417,41.2683,41.5534,42.3017,40.1635,40.2704,7295880,84052739,-0.9979,-2.418,11.5206,1.7322,4759560000,,4809753526.5,421200000,0,425641905,56.6036,4.2885,2.0165,50.2435,
603828.SH,柯利达,20190418,40.2704,40.3417,41.1613,39.2013,39.2369,5910184,65866176,-1.0335,-2.5664,11.1445,1.4032,4637412000,,4686317374.05,421200000,0,425641905,55.1509,4.1784,1.9647,48.9541,
603828.SH,柯利达,20190419,39.2369,39.2369,39.914,38.8805,39.3795,3242476,35811253,0.1426,0.3633,11.0444,0.7698,4654260000,,4703343050.25,421200000,0,425641905,55.3513,4.1936,1.9718,49.1319,
603828.SH,柯利达,20190422,39.3795,40.0566,40.2704,38.4885,38.8805,5060974,56063946,-0.4989,-1.267,11.0777,1.2016,4595292000,,4643753183.55,421200000,0,425641905,54.65,4.1404,1.9469,48.5095,
603828.SH,柯利达,20190423,38.8805,38.5242,39.0587,37.562,38.1678,3891091,41597605,-0.7128,-1.8332,10.6905,0.9238,4511052000,,4558624802.55,421200000,0,425641905,53.6482,4.0645,1.9112,47.6202,
603828.SH,柯利达,20190424,38.1678,38.3103,38.4885,37.063,38.4885,4031857,42828413,0.3207,0.8403,10.6225,0.9572,4548960000,,4596932574,421200000,0,425641905,54.099,4.0987,1.9272,48.0204,
603828.SH,柯利达,20190425,38.4885,38.2747,39.914,37.7045,39.7002,8161722,90183826,1.2117,3.1481,11.0496,1.9377,4692168000,,4741650821.7,421200000,0,425641905,55.8021,4.2277,1.9879,49.5321,
603828.SH,柯利达,20190426,39.7002,39.2369,39.914,37.8827,38.1678,6702068,73794828,-1.5324,-3.86,11.0108,1.5912,4511052000,,4558624802.55,421200000,0,425641905,78.0938,4.109,1.9112,47.6202,
603828.SH,柯利达,20190429,38.1678,38.0252,38.738,36.4216,36.7423,3147273,32992022,-1.4255,-3.7348,10.4827,0.7472,4342572000,,4388368040.55,421200000,0,425641905,72.4277,4.043,1.8398,45.8417,
603828.SH,柯利达,20190430,36.7423,37.7758,38.4885,35.7801,38.4529,3764953,39385916,1.7106,4.6557,10.4612,0.8939,4544748000,,4592676154.95,421200000,0,425641905,75.7997,4.2313,1.9254,47.9759,
603828.SH,柯利达,20190506,38.4529,37.7045,38.3103,35.103,35.9226,3547343,36237416,-2.5303,-6.5802,10.2154,0.8422,4245696000,,4290470402.4,421200000,0,425641905,70.812,3.9528,1.7987,44.819,
603828.SH,柯利达,20190507,35.9226,35.7088,37.4907,35.7088,36.4572,1521517,15648640,0.5346,1.4881,10.2849,0.3612,4308876000,,4354316688.15,421200000,0,425641905,71.8657,4.0117,1.8255,45.486,
603828.SH,柯利达,20190508,36.4572,35.7444,37.2769,35.2812,36.671,2008535,20726942,0.2138,0.5865,10.3194,0.4769,4334148000,,4379855202.45,421200000,0,425641905,72.2872,4.0352,1.8362,45.7527,
603828.SH,柯利达,20190509,36.671,36.671,39.1656,35.8157,37.562,4580226,47849760,0.8909,2.4295,10.447,1.0874,4439448000,,4486265678.7,421200000,0,425641905,74.0435,4.1332,1.8808,46.8643,
603828.SH,柯利达,20190510,37.562,37.5976,39.2013,36.7779,38.8449,6247253,66969854,1.283,3.4156,10.7199,1.4832,4591080000,,4639496764.5,421200000,0,425641905,76.5725,4.2744,1.9451,48.465,
603828.SH,柯利达,20190513,38.8449,38.3103,39.8784,38.1322,38.8805,3396054,37287352,0.0356,0.0917,10.9796,0.8063,4595292000,,4643753183.55,421200000,0,425641905,76.6427,4.2783,1.9469,48.5095,
603828.SH,柯利达,20190514,38.8805,38.2391,39.0231,37.7401,37.9896,1573272,16915268,-0.8909,-2.2915,10.7516,0.3735,4489992000,,4537342707.3,421200000,0,425641905,74.8865,4.1803,1.9022,47.3979,
603828.SH,柯利达,20190515,37.9896,37.954,38.7024,37.4907,38.6667,4056604,43513311,0.6771,1.7824,10.7265,0.9631,4570020000,,4618214669.25,421200000,0,425641905,76.2212,4.2548,1.9362,48.2427,
603828.SH,柯利达,20190516,38.6667,38.6667,40.5199,38.3103,40.5199,6922512,77275025,1.8532,4.7926,11.1629,1.6435,4789044000,,4839548459.85,421200000,0,425641905,79.8742,4.4587,2.0289,50.5548,
603828.SH,柯利达,20190517,40.5199,40.6624,42.2305,39.5933,39.914,11751703,135381209,-0.6058,-1.4952,11.5201,2.7901,4717440000,,4767189336,421200000,0,425641905,78.68,4.392,1.9986,49.7989,
603828.SH,柯利达,20190520,39.914,39.4507,40.7337,38.7736,40.7337,6834645,77014868,0.8197,2.0536,11.2683,1.6227,4814316000,,4865086974.15,421200000,0,425641905,80.2957,4.4822,2.0397,50.8215,
603828.SH,柯利达,20190521,40.7337,40.7337,42.2305,40.0209,40.1991,6092458,69834250,-0.5346,-1.3123,11.4624,1.4465,4751136000,,4801240688.4,421200000,0,425641905,79.242,4.4234,2.0129,50.1546,
603828.SH,柯利达,20190522,40.1991,40.1991,40.4486,38.8805,40.1991,3239241,36104160,0,0,11.1459,0.7691,4751136000,,4801240688.4,421200000,0,425641905,79.242,4.4234,2.0129,50.1546,
603828.SH,柯利达,20190523,40.1991,38.8805,39.8071,37.5263,38.3816,4150200,45192568,-1.8175,-4.5213,10.8893,0.9853,4536324000,,4584163316.85,421200000,0,425641905,75.6592,4.2234,1.9219,47.887,
603828.SH,柯利达,20190524,38.3816,37.562,39.3795,37.562,38.0965,2473025,26834254,-0.2851,-0.7428,10.8508,0.5871,4502628000,,4550111964.45,421200000,0,425641905,75.0972,4.192,1.9076,47.5313,
603828.SH,柯利达,20190527,38.0965,38.3103,39.6289,37.8471,39.5577,2657061,29135946,1.4611,3.8354,10.9655,0.6308,4675320000,,4724625145.5,421200000,0,425641905,77.9775,4.3528,1.9808,49.3543,
603828.SH,柯利达,20190528,39.5577,40.1279,40.3417,39.2726,40.0922,4310352,48201684,0.5346,1.3514,11.1828,1.0234,4738500000,,4788471431.25,421200000,0,425641905,79.0312,4.4116,2.0075,50.0212,
603828.SH,柯利达,20190529,40.0922,40.0566,41.5177,39.4507,41.3039,3997702,45726366,1.2117,3.0222,11.4382,0.9491,4881708000,,4933189678.95,421200000,0,425641905,81.4197,4.545,2.0682,51.533,
603828.SH,柯利达,20190530,41.3039,41.8385,41.8385,40.306,41.1257,1201056,13739512,-0.1782,-0.4314,11.4395,0.2852,4860648000,,4911907583.7,421200000,0,425641905,81.0685,4.5254,2.0593,51.3106,
603828.SH,柯利达,20190531,41.1257,41.0901,43.4778,40.7693,42.8719,5190569,61702513,1.7462,4.2461,11.8874,1.2323,5067036000,,5120472117.15,421200000,0,425641905,84.5107,4.7175,2.1467,53.4893,
603828.SH,柯利达,20190603,42.8719,43.0501,43.2996,42.0166,42.2305,2405501,28690876,-0.6415,-1.4963,11.9272,0.5711,4991220000,,5043856574.25,421200000,0,425641905,83.2462,4.6469,2.1146,52.689,
603828.SH,柯利达,20190604,42.2305,42.0523,42.3374,40.5911,40.7337,2119177,24422578,-1.4968,-3.5443,11.5246,0.5031,4814316000,,4865086974.15,421200000,0,425641905,80.2957,4.4822,2.0397,50.8215,
603828.SH,柯利达,20190605,40.7337,40.8406,41.8028,39.8071,40.1635,2383411,26983919,-0.5702,-1.3998,11.3216,0.5659,4746924000,,4796984269.35,421200000,0,425641905,79.1717,4.4195,2.0111,50.1101,
603828.SH,柯利达,20190606,40.1635,40.1991,40.3417,38.5954,38.6667,2057734,22609725,-1.4968,-3.7267,10.9877,0.4885,4570020000,,4618214669.25,421200000,0,425641905,76.2212,4.2548,1.9362,48.2427,
603828.SH,柯利达,20190610,38.6667,38.8449,39.522,38.1678,39.2369,3453403,37782646,0.5702,1.4747,10.9407,0.8199,4637412000,,4686317374.05,421200000,0,425641905,77.3452,4.3175,1.9647,48.9541,
603828.SH,柯利达,20190611,39.2369,39.2726,40.0922,38.738,39.914,3885932,43024135,0.6771,1.7257,11.0718,0.9226,4717440000,,4767189336,421200000,0,425641905,78.68,4.392,1.9986,49.7989,
603828.SH,柯利达,20190612,39.914,39.5933,40.2704,38.7736,39.3082,2969816,32852809,-0.6058,-1.5179,11.0622,0.7051,4645836000,,4694830212.15,421200000,0,425641905,77.4857,4.3254,1.9683,49.043,
603828.SH,柯利达,20190613,39.3082,39.2013,39.2726,37.8471,38.1678,2962750,31959568,-1.1404,-2.9012,10.7871,0.7034,4511052000,,4558624802.55,421200000,0,425641905,75.2377,4.1999,1.9112,47.6202,
603828.SH,柯利达,20190614,38.1678,38.4885,40.6981,38.1322,39.3438,4695329,51939169,1.176,3.0812,11.0619,1.1148,4650048000,,4699086631.2,421200000,0,425641905,77.556,4.3293,1.9701,49.0875,
603828.SH,柯利达,20190617,39.3438,39.0231,39.4151,38.1678,38.4885,2773332,30098157,-0.8553,-2.1739,10.8527,0.6584,4548960000,,4596932574,421200000,0,425641905,75.87,4.2352,1.9272,48.0204,
603828.SH,柯利达,20190618,38.4885,38.6667,39.0231,37.4194,37.455,2999076,32348038,-1.0335,-2.6852,10.786,0.712,4426812000,,4473496421.55,421200000,0,425641905,73.8327,4.1215,1.8755,46.7309,
603828.SH,柯利达,20190619,37.455,38.2747,38.4173,37.1343,37.6332,2648717,28027054,0.1782,0.4757,10.5814,0.6289,4447872000,,4494778516.8,421200000,0,425641905,74.184,4.1411,1.8844,46.9532,
603828.SH,柯利达,20190620,37.6332,37.455,38.346,37.4194,37.7401,5495055,58393700,0.1069,0.2841,10.6266,1.3046,4460508000,,4507547773.95,421200000,0,425641905,74.3947,4.1528,1.8898,47.0866,
603828.SH,柯利达,20190621,37.7401,37.8114,38.5598,37.2056,38.5598,4414672,47071661,0.8197,2.1719,10.6626,1.0481,4557384000,,4605445412.1,421200000,0,425641905,76.0105,4.243,1.9308,48.1093,
603828.SH,柯利达,20190624,38.5598,38.1322,38.7736,37.455,37.4907,2900292,30991511,-1.0691,-2.7726,10.6857,0.6886,4431024000,,4477752840.6,421200000,0,425641905,73.903,4.1254,1.8773,46.7754,
603828.SH,柯利达,20190625,37.4907,37.8471,37.8471,35.4593,36.7779,3488774,35549128,-0.7128,-1.9011,10.1896,0.8283,4346784000,,4392624459.6,421200000,0,425641905,72.498,4.0469,1.8416,45.8861,
603828.SH,柯利达,20190626,36.7779,36.3146,38.4173,35.887,38.1678,5372030,56831230,1.3899,3.7791,10.5791,1.2754,4511052000,,4558624802.55,421200000,0,425641905,75.2377,4.1999,1.9112,47.6202,
603828.SH,柯利达,20190627,38.1678,38.6667,40.0922,37.7045,39.2726,4529140,49411836,1.1048,2.8945,10.9098,1.0753,4641624000,,4690573793.1,421200000,0,425641905,77.4155,4.3214,1.9665,48.9986,
603828.SH,柯利达,20190628,39.2726,39.522,40.4486,38.7024,40.1279,5066999,56646702,0.8553,2.1779,11.1795,1.203,4742712000,,4792727850.3,421200000,0,425641905,79.1015,4.4156,2.0093,50.0657,
603828.SH,柯利达,20190701,40.1279,40.9119,42.5868,39.8428,40.9475,26165384,306657547,0.8197,2.0426,11.72,6.2121,4839588000,,4890625488.45,421200000,0,425641905,80.7172,4.5058,2.0504,51.0883,
603828.SH,柯利达,20190702,40.9475,40.9475,40.9475,37.063,37.1343,19027943,203862946,-3.8132,-9.3124,10.7139,4.5176,4388904000,,4435188650.1,421200000,0,425641905,73.2005,4.0862,1.8594,46.3308,
603828.SH,柯利达,20190703,37.1343,37.1343,37.1343,34.0338,34.0338,12848279,124991847,-3.1005,-8.3493,9.7283,3.0504,4022460000,,4064880192.75,421200000,0,425641905,67.0887,3.745,1.7042,42.4624,
603828.SH,柯利达,20190704,34.0338,34.0338,34.0338,32.1094,32.1094,7663864,69924399,-1.9244,-5.6545,9.1239,1.8195,3795012000,,3835033564.05,421200000,0,425641905,63.2952,3.5332,1.6078,40.0614,
603828.SH,柯利达,20190705,32.1094,31.753,32.6083,31.6461,31.9669,4971100,44582729,-0.1426,-0.444,8.9684,1.1802,3778164000,,3818007887.85,421200000,0,425641905,63.0142,3.5175,1.6007,39.8836,
603828.SH,柯利达,20190708,31.9669,31.753,32.0738,30.5414,30.7908,3603037,31415054,-1.176,-3.6789,8.719,0.8554,3639168000,,3677546059.2,421200000,0,425641905,60.696,3.3881,1.5418,38.4163,
603828.SH,柯利达,20190709,30.7908,30.5414,31.361,30.5414,31.2541,5122038,44752048,0.4633,1.5046,8.7372,1.2161,3693924000,,3732879506.85,421200000,0,425641905,61.6092,3.4391,1.565,38.9943,
603828.SH,柯利达,20190710,31.2541,31.2541,31.86,30.3275,30.6483,3536350,30866650,-0.6058,-1.9384,8.7284,0.8396,3622320000,,3660520383,421200000,0,425641905,60.415,3.3725,1.5346,38.2384,
603828.SH,柯利达,20190711,30.6483,30.7552,31.0759,29.401,30.577,4216486,35851427,-0.0713,-0.2326,8.5027,1.0011,3613896000,,3652007544.9,421200000,0,425641905,60.2745,3.3646,1.5311,38.1495,
603828.SH,柯利达,20190712,30.577,30.5057,30.5057,29.6861,29.6861,2680396,22438429,-0.8909,-2.9138,8.3713,0.6364,3508596000,,3545597068.65,421200000,0,425641905,58.5182,3.2666,1.4865,37.0379,
603828.SH,柯利达,20190715,29.6861,29.793,30.0068,29.1159,29.8286,1926854,16008759,0.1426,0.4802,8.3082,0.4575,3525444000,,3562622744.85,421200000,0,425641905,58.7992,3.2823,1.4936,37.2158,
603828.SH,柯利达,20190716,29.8286,29.8286,30.3632,29.7573,29.8643,2377542,20000445,0.0356,0.1195,8.4122,0.5645,3529656000,,3566879163.9,421200000,0,425641905,58.8695,3.2862,1.4954,37.2602,
603828.SH,柯利达,20190717,29.8643,29.8286,29.9355,29.6504,29.793,1295374,10815922,-0.0713,-0.2387,8.3497,0.3075,3521232000,,3558366325.8,421200000,0,425641905,58.729,3.2783,1.4918,37.1713,
603828.SH,柯利达,20190718,29.793,29.8643,29.8643,28.6526,28.7238,2830820,23093043,-1.0691,-3.5885,8.1577,0.6721,3394872000,,3430673754.3,421200000,0,425641905,56.6215,3.1607,1.4383,35.8374,
603828.SH,柯利达,20190719,28.7238,29.0802,29.401,28.7595,28.8664,2005000,16354610,0.1426,0.4963,8.1569,0.476,3411720000,,3447699430.5,421200000,0,425641905,56.9025,3.1764,1.4454,36.0153,
603828.SH,柯利达,20190722,28.8664,29.1871,29.1871,27.5122,27.7973,3504934,27554088,-1.0691,-3.7037,7.8615,0.8321,3285360000,,3320006859,421200000,0,425641905,54.795,3.0587,1.3919,34.6814,
603828.SH,柯利达,20190723,27.7973,27.6904,28.1536,27.6191,27.9755,2780687,21772149,0.1782,0.641,7.8298,0.6602,3306420000,,3341288954.25,421200000,0,425641905,55.1462,3.0783,1.4008,34.9037,
603828.SH,柯利达,20190724,27.9755,27.9755,28.4387,27.9755,28.2249,1949946,15458414,0.2495,0.8917,7.9276,0.463,3335904000,,3371083887.6,421200000,0,425641905,55.638,3.1058,1.4133,35.2149,
603828.SH,柯利达,20190725,28.2249,28.3318,28.5813,28.2249,28.4387,1748032,13899535,0.2138,0.7576,7.9515,0.415,3361176000,,3396622401.9,421200000,0,425641905,56.0595,3.1293,1.424,35.4817,
603828.SH,柯利达,20190726,28.4387,28.4387,28.5457,27.9398,28.0111,1903514,15028118,-0.4277,-1.5038,7.8949,0.4519,3310632000,,3345545373.3,421200000,0,425641905,55.2165,3.0823,1.4026,34.9481,
603828.SH,柯利达,20190729,28.0111,28.0467,28.4387,27.9398,28.0467,1739061,13711798,0.0356,0.1272,7.8846,0.4129,3314844000,,3349801792.35,421200000,0,425641905,55.2867,3.0862,1.4044,34.9926,
603828.SH,柯利达,20190730,28.0467,28.0824,28.2962,27.9755,28.0111,2311173,18253480,-0.0356,-0.1271,7.8979,0.5487,3310632000,,3345545373.3,421200000,0,425641905,55.2165,3.0823,1.4026,34.9481,
603828.SH,柯利达,20190731,28.0111,27.5478,28.118,27.5478,27.6547,1348968,10488868,-0.3564,-1.2723,7.7755,0.3203,3268512000,,3302981182.8,421200000,0,425641905,54.514,3.0431,1.3848,34.5035,
603828.SH,柯利达,20190801,27.6547,27.5122,27.6904,27.1558,27.6547,2405094,18471338,0,0,7.6801,0.571,3268512000,,3302981182.8,421200000,0,425641905,54.514,3.0431,1.3848,34.5035,
603828.SH,柯利达,20190802,27.6547,27.2983,27.6191,26.8351,27.5122,2168583,16680607,-0.1426,-0.5155,7.6919,0.5149,3251664000,,3285955506.6,421200000,0,425641905,54.233,3.0274,1.3776,34.3257,
603828.SH,柯利达,20190805,27.5122,27.4409,27.8329,26.942,27.8329,4163364,31937196,0.3207,1.1658,7.671,0.9885,3289572000,,3324263278.05,421200000,0,425641905,54.8652,3.0627,1.3937,34.7258,
603828.SH,柯利达,20190806,27.8329,27.4409,28.51,26.4787,27.9398,6023664,46249098,0.1069,0.3841,7.6779,1.4301,3302208000,,3337032535.2,421200000,0,425641905,55.076,3.0744,1.399,34.8592,
603828.SH,柯利达,20190807,27.9398,28.118,28.118,27.2627,27.3696,2722600,21113594,-0.5702,-2.0408,7.7549,0.6464,3234816000,,3268929830.4,421200000,0,425641905,53.952,3.0117,1.3705,34.1478,
603828.SH,柯利达,20190808,27.3696,27.5478,27.5478,27.0132,27.2983,1747564,13361372,-0.0713,-0.2604,7.6457,0.4149,3226392000,,3260416992.3,421200000,0,425641905,53.8115,3.0038,1.3669,34.0589,
603828.SH,柯利达,20190809,27.2983,27.2271,27.6191,26.8351,27.334,1997549,15262534,0.0356,0.1305,7.6406,0.4743,3230604000,,3264673411.35,421200000,0,425641905,53.8817,3.0078,1.3687,34.1033,
603828.SH,柯利达,20190812,27.334,27.1914,28.7238,27.1202,28.5457,3425028,26916926,1.2117,4.4329,7.8589,0.8132,3373812000,,3409391659.05,421200000,0,425641905,56.2702,3.1411,1.4294,35.6151,
603828.SH,柯利达,20190813,28.5457,28.2962,30.0424,28.1893,29.6504,5475818,44940229,1.1048,3.8702,8.207,1.3001,3504384000,,3541340649.6,421200000,0,425641905,58.448,3.2627,1.4847,36.9935,
603828.SH,柯利达,20190814,29.6504,29.8643,30.4701,29.1515,29.3297,4715078,39452920,-0.3207,-1.0817,8.3674,1.1194,3466476000,,3503032878.15,421200000,0,425641905,57.8157,3.2274,1.4686,36.5933,
603828.SH,柯利达,20190815,29.3297,29.3297,29.4366,28.6169,28.9377,2369096,19147879,-0.392,-1.3366,8.0824,0.5625,3420144000,,3456212268.6,421200000,0,425641905,57.043,3.1842,1.449,36.1042,
603828.SH,柯利达,20190816,28.9377,28.8664,29.2584,28.8664,28.902,1577334,12843078,-0.0356,-0.1232,8.1423,0.3745,3415932000,,3451955849.55,421200000,0,425641905,56.9727,3.1803,1.4472,36.0597,
603828.SH,柯利达,20190819,28.902,28.9377,31.5749,28.9377,31.4679,8004015,68201966,2.5659,8.8779,8.521,1.9003,3719196000,,3758418021.15,421200000,0,425641905,62.0307,3.4626,1.5757,39.2611,
603828.SH,柯利达,20190820,31.4679,31.3254,31.7887,30.3632,30.7908,5005242,43641997,-0.6771,-2.1518,8.7193,1.1883,3639168000,,3677546059.2,421200000,0,425641905,60.696,3.3881,1.5418,38.4163,
603828.SH,柯利达,20190821,30.7908,30.28,31.1159,29.7691,29.862,2958916,19211869,-0.9288,-3.0166,6.4929,0.5404,3520810800,,3557940680.68,547560000,0,553334476,58.722,3.2779,1.4916,37.1669,
603828.SH,柯利达,20190822,29.862,29.7227,29.9084,29.026,29.4905,4288867,27146482,-0.3715,-1.2442,6.3295,0.7833,3477006000,,3513673922.6,547560000,0,553334476,57.9914,3.2372,1.4731,36.7044,
603828.SH,柯利达,20190823,29.4905,29.6298,29.6298,29.1654,29.3047,1908687,12064502,-0.1858,-0.6299,6.3208,0.3486,3455103600,,3491540543.56,547560000,0,553334476,57.6261,3.2168,1.4638,36.4732,
603828.SH,柯利达,20190826,29.3047,28.283,28.9796,28.1437,28.701,1899945,11718355,-0.6037,-2.0602,6.1677,0.347,3383920800,,3419607061.68,547560000,0,553334476,56.4388,3.1505,1.4336,35.7218,
603828.SH,柯利达,20190827,28.701,28.9332,29.3976,28.9332,29.2118,3349359,21049714,0.5109,1.7799,6.2847,0.6117,3444152400,,3480473854.04,547560000,0,553334476,57.4434,3.2066,1.4592,36.3576,
603828.SH,柯利达,20190828,29.2118,29.2118,29.7227,28.8403,29.4905,4738706,30025110,0.2787,0.9539,6.3361,0.8654,3477006000,,3513673922.6,547560000,0,553334476,57.9914,3.2372,1.4731,36.7044,
603828.SH,柯利达,20190829,29.4905,29.4905,29.9549,29.3047,29.7691,4965000,31680104,0.2787,0.9449,6.3807,0.9067,3509859600,,3546873991.16,547560000,0,553334476,58.5393,3.2678,1.487,37.0513,
603828.SH,柯利达,20190830,29.7691,29.862,31.7197,29.6762,30.3264,9306902,61590196,0.5573,1.8721,6.6177,1.6997,3575566800,,3613274128.28,547560000,0,553334476,59.6352,3.3289,1.5148,37.7449,
603828.SH,柯利达,20190902,30.3264,30.28,31.5339,29.6298,30.6051,7863406,51949293,0.2787,0.9188,6.6065,1.4361,3608420400,,3646474196.84,547560000,0,553334476,89.226,3.3828,1.5288,38.0917,
603828.SH,柯利达,20190903,30.6051,30.6051,30.6051,29.3976,29.862,4528784,29181895,-0.7431,-2.4279,6.4436,0.8271,3520810800,,3557940680.68,547560000,0,553334476,87.0597,3.3007,1.4916,37.1669,
603828.SH,柯利达,20190904,29.862,29.8156,29.8156,28.9796,29.3511,5082782,32042679,-0.5109,-1.7107,6.3042,0.9283,3460579200,,3497073888.32,547560000,0,553334476,85.5703,3.2442,1.4661,36.531,
603828.SH,柯利达,20190905,29.3511,29.4905,29.5833,29.026,29.3047,7269228,45816561,-0.0464,-0.1582,6.3028,1.3276,3455103600,,3491540543.56,547560000,0,553334476,85.4349,3.2391,1.4638,36.4732,
603828.SH,柯利达,20190906,29.3047,29.2118,29.3976,28.6545,28.7938,4725970,29461847,-0.5109,-1.7433,6.234,0.8631,3394872000,,3430673751.2,547560000,0,553334476,83.9456,3.1826,1.4383,35.8374,
603828.SH,柯利达,20190909,28.7938,29.1654,29.2118,28.701,29.026,4506578,28031328,0.2322,0.8065,6.2201,0.823,3422250000,,3458340475,547560000,0,553334476,84.6226,3.2083,1.4499,36.1264,
603828.SH,柯利达,20190910,29.026,29.1189,29.1189,28.7474,28.8867,3176784,19749211,-0.1393,-0.48,6.2167,0.5802,3405823200,,3441740440.72,547560000,0,553334476,84.2164,3.1929,1.4429,35.953,
603828.SH,柯利达,20190911,28.8867,28.9332,28.9332,28.283,28.283,6215885,38204263,-0.6037,-2.09,6.1462,1.1352,3334640400,,3369806958.84,547560000,0,553334476,82.4562,3.1262,1.4128,35.2016,
603828.SH,柯利达,20190912,28.283,28.3759,28.5152,28.283,28.4687,2953408,18065124,0.1858,0.6568,6.1167,0.5394,3356542800,,3391940337.88,547560000,0,553334476,82.9978,3.1467,1.422,35.4328,
603828.SH,柯利达,20190916,28.4687,28.5616,28.6081,28.3294,28.4223,3220193,19711883,-0.0464,-0.1631,6.1213,0.5881,3351067200,,3386406993.12,547560000,0,553334476,82.8624,3.1416,1.4197,35.375,
603828.SH,柯利达,20190917,28.4223,28.4223,28.4223,27.6328,27.7257,3712640,22406972,-0.6966,-2.451,6.0353,0.678,3268933200,,3303406821.72,547560000,0,553334476,80.8315,3.0646,1.3849,34.508,
603828.SH,柯利达,20190918,27.7257,28.1901,29.6762,28.1437,28.9796,10817503,67666438,1.2539,4.5226,6.2553,1.9756,3416774400,,3452807130.24,547560000,0,553334476,84.4872,3.2032,1.4476,36.0686,
603828.SH,柯利达,20190919,28.9796,28.6081,28.9332,28.0972,28.283,6441771,39319052,-0.6966,-2.4038,6.1038,1.1765,3334640400,,3369806958.84,547560000,0,553334476,82.4562,3.1262,1.4128,35.2016,
603828.SH,柯利达,20190920,28.283,28.283,28.4223,27.9114,27.9114,4480270,27084178,-0.3715,-1.3136,6.0452,0.8182,3290835600,,3325540200.76,547560000,0,553334476,81.373,3.0851,1.3942,34.7392,
603828.SH,柯利达,20190923,27.9114,27.9114,28.0043,26.8897,27.4006,5020066,29428475,-0.5109,-1.8303,5.8622,0.9168,3230604000,,3264673408.4,547560000,0,553334476,79.8837,3.0286,1.3687,34.1033,
603828.SH,柯利达,20190924,27.4006,27.1684,27.4935,27.0755,27.1684,3164996,18518975,-0.2322,-0.8475,5.8512,0.578,3203226000,,3237006684.6,547560000,0,553334476,79.2067,3.003,1.3571,33.8143,
603828.SH,柯利达,20190925,27.1684,27.0755,27.0755,26.1002,26.7504,5395865,30765164,-0.418,-1.5385,5.7016,0.9854,3153945600,,3187206581.76,547560000,0,553334476,77.9881,2.9568,1.3362,33.2941,
603828.SH,柯利达,20190926,26.7504,26.7504,26.8433,25.9145,26.4253,5037685,28517326,-0.3251,-1.2153,5.6608,0.92,3115616400,,3148473168.44,547560000,0,553334476,77.0404,2.9208,1.32,32.8895,
603828.SH,柯利达,20190927,26.4253,26.4718,26.6111,26.286,26.3789,2423798,13788851,-0.0464,-0.1757,5.6889,0.4427,3110140800,,3142939823.68,547560000,0,553334476,76.905,2.9157,1.3177,32.8317,
603828.SH,柯利达,20190930,26.3789,26.3324,26.4718,25.9609,26.0538,1825520,10273374,-0.3251,-1.2324,5.6276,0.3334,3071811600,,3104206410.36,547560000,0,553334476,75.9572,2.8798,1.3014,32.4271,
603828.SH,柯利达,20191008,26.0538,25.868,26.3324,25.7751,26.2395,1208318,6814066,0.1858,0.713,5.6393,0.2207,3093714000,,3126339789.4,547560000,0,553334476,76.4988,2.9003,1.3107,32.6583,
603828.SH,柯利达,20191009,26.2395,25.9609,26.3789,25.9609,26.3789,1261380,7118733,0.1393,0.531,5.6436,0.2304,3110140800,,3142939823.68,547560000,0,553334476,76.905,2.9157,1.3177,32.8317,
603828.SH,柯利达,20191010,26.3789,26.3789,26.4718,26.286,26.4718,1272285,7228764,0.0929,0.3521,5.6817,0.2324,3121092000,,3154006513.2,547560000,0,553334476,77.1758,2.926,1.3223,32.9473,
603828.SH,柯利达,20191011,26.4718,26.5646,26.7504,26.3324,26.3789,1555950,8874170,-0.0929,-0.3509,5.7034,0.2842,3110140800,,3142939823.68,547560000,0,553334476,76.905,2.9157,1.3177,32.8317,
603828.SH,柯利达,20191014,26.3789,26.5182,26.7504,26.4718,26.5646,2481270,14181701,0.1858,0.7042,5.7155,0.4532,3132043200,,3165073202.72,547560000,0,553334476,77.4466,2.9362,1.3269,33.0629,
603828.SH,柯利达,20191015,26.5646,26.5646,26.704,26.3324,26.6575,2211628,12646522,0.0929,0.3497,5.7182,0.4039,3142994400,,3176139892.24,547560000,0,553334476,77.7174,2.9465,1.3316,33.1785,
603828.SH,柯利达,20191016,26.6575,26.6575,26.7968,26.286,26.3324,1733200,9900686,-0.3251,-1.2195,5.7124,0.3165,3104665200,,3137406478.92,547560000,0,553334476,76.7696,2.9106,1.3153,32.7739,
603828.SH,柯利达,20191017,26.3324,26.2395,26.3789,25.9609,25.9609,1538390,8654126,-0.3715,-1.4109,5.6254,0.281,3060860400,,3093139720.84,547560000,0,553334476,75.6864,2.8695,1.2968,32.3115,
603828.SH,柯利达,20191018,25.9609,25.9145,26.1467,25.2643,25.3572,2145552,11842998,-0.6037,-2.3256,5.5198,0.3918,2989677600,,3021206238.96,547560000,0,553334476,73.9263,2.8028,1.2666,31.56,
603828.SH,柯利达,20191021,25.3572,25.6358,25.6358,24.9856,25.1714,1544490,8364811,-0.1858,-0.7326,5.4159,0.2821,2967775200,,2999072859.92,547560000,0,553334476,73.3847,2.7822,1.2573,31.3288,
603828.SH,柯利达,20191022,25.1714,25.1714,25.4036,25.0785,25.4036,1239180,6751791,0.2322,0.9225,5.4486,0.2263,2995153200,,3026739583.72,547560000,0,553334476,74.0617,2.8079,1.2689,31.6178,
603828.SH,柯利达,20191023,25.4036,25.2643,25.45,25.0785,25.2178,1043323,5662879,-0.1858,-0.7313,5.4277,0.1905,2973250800,,3004606204.68,547560000,0,553334476,73.5201,2.7874,1.2597,31.3866,
603828.SH,柯利达,20191024,25.2178,25.2178,25.2643,24.8927,24.9392,1530370,8245258,-0.2787,-1.105,5.3878,0.2795,2940397200,,2971406136.12,547560000,0,553334476,72.7077,2.7566,1.2457,31.0398,
603828.SH,柯利达,20191025,24.9392,25.0321,25.1714,24.7534,25.1714,1326833,7147576,0.2322,0.9311,5.3869,0.2423,2967775200,,2999072859.92,547560000,0,553334476,73.3847,2.7822,1.2573,31.3288,
603828.SH,柯利达,20191028,25.1714,24.9392,25.8216,24.9392,25.7751,2416976,13199501,0.6037,2.3985,5.4612,0.4414,3038958000,,3071006341.8,547560000,0,553334476,75.1448,2.849,1.2875,32.0803,
603828.SH,柯利达,20191029,25.7751,25.6358,25.7287,25.1714,25.2178,1645960,9008099,-0.5573,-2.1622,5.4729,0.3006,2973250800,,3004606204.68,547560000,0,553334476,73.5201,2.7874,1.2597,31.3866,
603828.SH,柯利达,20191030,25.2178,25.0785,25.2643,24.7534,24.8463,1638682,8806021,-0.3715,-1.4733,5.3738,0.2993,2929446000,,2960339446.6,547560000,0,553334476,95.2325,2.5699,1.2411,30.9242,
603828.SH,柯利达,20191031,24.8463,24.7534,24.7999,24.1032,24.1497,1984570,10397450,-0.6966,-2.8037,5.2391,0.3624,2847312000,,2877339275.2,547560000,0,553334476,92.5625,2.4979,1.2063,30.0572,
603828.SH,柯利达,20191101,24.1497,24.3354,24.6141,23.7317,24.4748,1425934,7474481,0.3251,1.3462,5.2418,0.2604,2885641200,,2916072688.52,547560000,0,553334476,93.8085,2.5315,1.2225,30.4618,
603828.SH,柯利达,20191104,24.4748,24.3819,25.1714,24.3819,25.0785,2004550,10783771,0.6037,2.4668,5.3796,0.3661,2956824000,,2988006170.4,547560000,0,553334476,96.1226,2.594,1.2527,31.2132,
603828.SH,柯利达,20191105,25.0785,24.9392,25.0785,24.707,24.9392,1326007,7102377,-0.1393,-0.5556,5.3562,0.2422,2940397200,,2971406136.12,547560000,0,553334476,95.5885,2.5796,1.2457,31.0398,
603828.SH,柯利达,20191106,24.9392,24.7534,25.1249,24.3819,24.3819,1484810,7912516,-0.5573,-2.2346,5.329,0.2712,2874690000,,2905005999,547560000,0,553334476,93.4525,2.5219,1.2179,30.3462,
603828.SH,柯利达,20191107,24.3819,24.6141,24.8927,24.4748,24.707,1192413,6346738,0.3251,1.3333,5.3226,0.2178,2913019200,,2943739412.32,547560000,0,553334476,94.6985,2.5555,1.2341,30.7508,
603828.SH,柯利达,20191108,24.707,24.8927,25.0785,24.6141,24.7534,1683434,9039034,0.0464,0.188,5.3694,0.3074,2918494800,,2949272757.08,547560000,0,553334476,94.8765,2.5603,1.2365,30.8086,
603828.SH,柯利达,20191111,24.7534,24.6141,25.5429,23.9175,25.4036,4169543,21998225,0.6502,2.6266,5.2759,0.7615,2995153200,,3026739583.72,547560000,0,553334476,97.3686,2.6276,1.2689,31.6178,
603828.SH,柯利达,20191112,25.4036,25.3107,25.3107,24.1497,24.8463,2784845,14832589,-0.5573,-2.1938,5.3262,0.5086,2929446000,,2960339446.6,547560000,0,553334476,95.2325,2.5699,1.2411,30.9242,
603828.SH,柯利达,20191113,24.8463,24.1497,24.707,24.1497,24.5212,1809503,9508680,-0.3251,-1.3084,5.2549,0.3305,2891116800,,2921606033.28,547560000,0,553334476,93.9865,2.5363,1.2249,30.5196,
603828.SH,柯利达,20191114,24.5212,24.4748,24.707,24.1961,24.3819,1138419,5985501,-0.1393,-0.5682,5.2577,0.2079,2874690000,,2905005999,547560000,0,553334476,93.4525,2.5219,1.2179,30.3462,
603828.SH,柯利达,20191115,24.3819,24.289,24.3819,23.9175,24.1497,1412940,7337613,-0.2322,-0.9524,5.1932,0.258,2847312000,,2877339275.2,547560000,0,553334476,92.5625,2.4979,1.2063,30.0572,
603828.SH,柯利达,20191118,24.1497,24.1032,24.1961,23.9175,24.1032,811442,4208457,-0.0464,-0.1923,5.1864,0.1482,2841836400,,2871805930.44,547560000,0,553334476,92.3844,2.4931,1.204,29.9994,
603828.SH,柯利达,20191119,24.1032,24.1032,24.289,24.0103,24.2426,760037,3961026,0.1393,0.578,5.2116,0.1388,2858263200,,2888405964.72,547560000,0,553334476,92.9185,2.5075,1.2109,30.1728,
603828.SH,柯利达,20191120,24.2426,24.2426,24.3819,23.9175,24.1032,1443570,7489654,-0.1393,-0.5747,5.1883,0.2636,2841836400,,2871805930.44,547560000,0,553334476,92.3844,2.4931,1.204,29.9994,
603828.SH,柯利达,20191121,24.1032,23.9639,24.1032,23.9175,23.9639,854251,4412185,-0.1393,-0.578,5.165,0.156,2825409600,,2855205896.16,547560000,0,553334476,91.8504,2.4787,1.197,29.826,
603828.SH,柯利达,20191122,23.9639,23.871,24.289,23.7781,23.8246,1020198,5266960,-0.1393,-0.5814,5.1627,0.1863,2808982800,,2838605861.88,547560000,0,553334476,91.3164,2.4643,1.1901,29.6526,
603828.SH,柯利达,20191125,23.8246,23.7781,23.9175,23.5459,23.8246,1513690,7743898,0,0,5.1159,0.2764,2808982800,,2838605861.88,547560000,0,553334476,91.3164,2.4643,1.1901,29.6526,
603828.SH,柯利达,20191126,23.8246,23.8246,25.2178,23.4995,24.7534,5892871,30695743,0.9288,3.8986,5.209,1.0762,2918494800,,2949272757.08,547560000,0,553334476,94.8765,2.5603,1.2365,30.8086,
603828.SH,柯利达,20191127,24.7534,24.4283,25.0321,24.2426,24.7999,3986714,21243802,0.0464,0.1876,5.3286,0.7281,2923970400,,2954806101.84,547560000,0,553334476,95.0545,2.5651,1.2388,30.8664,
603828.SH,柯利达,20191128,24.7999,24.6605,24.707,24.1032,24.4748,2443989,12819964,-0.3251,-1.3109,5.2455,0.4463,2885641200,,2916072688.52,547560000,0,553334476,93.8085,2.5315,1.2225,30.4618,
603828.SH,柯利达,20191129,24.4748,24.2426,24.3819,23.5459,23.6853,2032322,10425557,-0.7895,-3.2258,5.1299,0.3712,2792556000,,2822005827.6,547560000,0,553334476,90.7824,2.4499,1.1831,29.4792,
603828.SH,柯利达,20191202,23.6853,24.1497,24.6141,23.6388,24.1497,3478722,18012801,0.4644,1.9608,5.178,0.6353,2847312000,,2877339275.2,547560000,0,553334476,92.5625,2.4979,1.2063,30.0572,
603828.SH,柯利达,20191203,24.1497,23.9639,24.0568,23.6853,23.7317,1362360,6977645,-0.418,-1.7308,5.1217,0.2488,2798031600,,2827539172.36,547560000,0,553334476,90.9604,2.4547,1.1854,29.537,
603828.SH,柯利达,20191204,23.7317,23.7317,23.9175,23.5924,23.6388,1514250,7732458,-0.0929,-0.3914,5.1065,0.2765,2787080400,,2816472482.84,547560000,0,553334476,90.6044,2.445,1.1808,29.4214,
603828.SH,柯利达,20191205,23.6388,23.7781,25.45,23.5924,24.3354,5175869,27286775,0.6966,2.947,5.2719,0.9453,2869214400,,2899472654.24,547560000,0,553334476,93.2745,2.5171,1.2156,30.2884,
603828.SH,柯利达,20191206,24.3354,24.3354,24.5676,24.1497,24.5676,2854980,14972563,0.2322,0.9542,5.2444,0.5214,2896592400,,2927139378.04,547560000,0,553334476,94.1645,2.5411,1.2272,30.5774,
603828.SH,柯利达,20191209,24.5676,24.3819,24.5676,24.0103,24.0568,2898374,15084303,-0.5109,-2.0794,5.2044,0.5293,2836360800,,2866272585.68,547560000,0,553334476,92.2064,2.4883,1.2017,29.9416,
603828.SH,柯利达,20191210,24.0568,24.0568,24.2426,23.8246,24.0103,2175035,11214237,-0.0464,-0.1931,5.1559,0.3972,2830885200,,2860739240.92,547560000,0,553334476,92.0284,2.4835,1.1993,29.8838,
603828.SH,柯利达,20191211,24.0103,23.9639,23.9639,23.7317,23.871,1671905,8578682,-0.1393,-0.5803,5.1311,0.3053,2814458400,,2844139206.64,547560000,0,553334476,91.4944,2.4691,1.1924,29.7104,
603828.SH,柯利达,20191212,23.871,23.871,23.9175,23.7317,23.7781,1082231,5541135,-0.0929,-0.3891,5.1201,0.1976,2803507200,,2833072517.12,547560000,0,553334476,91.1384,2.4595,1.1877,29.5948,
603828.SH,柯利达,20191213,23.7781,23.7781,24.1032,23.7781,24.0103,1698920,8767540,0.2322,0.9766,5.1607,0.3103,2830885200,,2860739240.92,547560000,0,553334476,92.0284,2.4835,1.1993,29.8838,
603828.SH,柯利达,20191216,24.0103,24.1032,24.1961,23.9639,24.1961,2057854,10678511,0.1858,0.7737,5.1891,0.3758,2852787600,,2882872619.96,547560000,0,553334476,92.7405,2.5027,1.2086,30.115,
603828.SH,柯利达,20191217,24.1961,24.1497,24.7999,24.1032,24.5212,3419750,17992117,0.3251,1.3436,5.2612,0.6245,2891116800,,2921606033.28,547560000,0,553334476,93.9865,2.5363,1.2249,30.5196,
603828.SH,柯利达,20191218,24.5212,24.5212,24.707,24.3354,24.6605,3222930,17058556,0.1393,0.5682,5.2929,0.5886,2907543600,,2938206067.56,547560000,0,553334476,94.5205,2.5507,1.2318,30.693,
603828.SH,柯利达,20191219,24.6605,24.7999,24.7999,24.4283,24.5676,3659284,19364988,-0.0929,-0.3766,5.292,0.6683,2896592400,,2927139378.04,547560000,0,553334476,94.1645,2.5411,1.2272,30.5774,
603828.SH,柯利达,20191220,24.5676,24.6141,25.0785,24.5676,24.5676,4953761,26414952,0,0,5.3323,0.9047,2896592400,,2927139378.04,547560000,0,553334476,94.1645,2.5411,1.2272,30.5774,
603828.SH,柯利达,20191223,24.5676,24.3819,24.707,23.8246,23.871,3330384,17363071,-0.6966,-2.8355,5.2135,0.6082,2814458400,,2844139206.64,547560000,0,553334476,91.4944,2.4691,1.1924,29.7104,
603828.SH,柯利达,20191224,23.871,23.7781,24.0568,23.7781,24.0568,2144959,11054278,0.1858,0.7782,5.1536,0.3917,2836360800,,2866272585.68,547560000,0,553334476,92.2064,2.4883,1.2017,29.9416,
603828.SH,柯利达,20191225,24.0568,24.0103,24.1497,23.9175,24.1497,2315987,11985413,0.0929,0.3861,5.1751,0.423,2847312000,,2877339275.2,547560000,0,553334476,92.5625,2.4979,1.2063,30.0572,
603828.SH,柯利达,20191226,24.1497,24.1497,24.3354,24.0568,24.3354,2728934,14223482,0.1858,0.7692,5.2121,0.4984,2869214400,,2899472654.24,547560000,0,553334476,93.2745,2.5171,1.2156,30.2884,
603828.SH,柯利达,20191227,24.3354,24.4283,24.4283,23.9639,24.1032,2896630,15116146,-0.2322,-0.9542,5.2185,0.529,2841836400,,2871805930.44,547560000,0,553334476,92.3844,2.4931,1.204,29.9994,
603828.SH,柯利达,20191230,24.1032,23.9175,24.0568,23.7317,24.0103,4255520,21872907,-0.0929,-0.3854,5.1399,0.7772,2830885200,,2860739240.92,547560000,0,553334476,92.0284,2.4835,1.1993,29.8838,
603828.SH,柯利达,20191231,24.0103,24.1961,24.2426,23.9175,24.0568,2565041,13263680,0.0464,0.1934,5.1709,0.4684,2836360800,,2866272585.68,547560000,0,553334476,92.2064,2.4883,1.2017,29.9416,
603828.SH,柯利达,20200102,24.0568,24.1497,24.4283,24.1497,24.3354,5334722,27882014,0.2787,1.1583,5.2265,0.9743,2869214400,,2899472654.24,547560000,0,553334476,93.2745,2.5171,1.2678,-16.2657,
603828.SH,柯利达,20200103,24.3354,24.289,24.6141,24.1497,24.5676,5339281,28075426,0.2322,0.9542,5.2583,0.9751,2896592400,,2927139378.04,547560000,0,553334476,94.1645,2.5411,1.2799,-16.4209,
603828.SH,柯利达,20200106,24.5676,24.3819,24.9856,24.3354,24.9392,7062755,37510542,0.3715,1.5123,5.311,1.2899,2940397200,,2971406136.12,547560000,0,553334476,95.5885,2.5796,1.2992,-16.6693,
603828.SH,柯利达,20200107,24.9392,24.9392,25.6358,24.7999,25.2643,7264764,39506254,0.3251,1.3035,5.4381,1.3268,2978726400,,3010139549.44,547560000,0,553334476,96.8346,2.6132,1.3162,-16.8865,
603828.SH,柯利达,20200108,25.2643,25.5429,26.7968,25.4965,25.6822,13159793,73405661,0.418,1.6544,5.578,2.4034,3028006800,,3059939652.28,547560000,0,553334476,98.4366,2.6564,1.338,-17.1659,
603828.SH,柯利达,20200109,25.6822,25.5429,26.286,25.3572,25.5894,8552066,47328259,-0.0929,-0.3617,5.5341,1.5619,3017055600,,3048872962.76,547560000,0,553334476,98.0806,2.6468,1.3331,-17.1038,
603828.SH,柯利达,20200110,25.5894,25.4965,25.5894,25.0785,25.1714,4250669,23099720,-0.418,-1.6334,5.4344,0.7763,2967775200,,2999072859.92,547560000,0,553334476,96.4786,2.6036,1.3113,-16.8245,
603828.SH,柯利达,20200113,25.1714,24.9392,25.1249,24.707,25.0321,4152749,22245477,-0.1393,-0.5535,5.3568,0.7584,2951348400,,2982472825.64,547560000,0,553334476,95.9445,2.5892,1.3041,-16.7313,
603828.SH,柯利达,20200114,25.0321,25.0785,25.2643,24.7534,24.8463,4411319,23699353,-0.1858,-0.7421,5.3724,0.8056,2929446000,,2960339446.6,547560000,0,553334476,95.2325,2.5699,1.2944,-16.6072,
603828.SH,柯利达,20200115,24.8463,24.707,24.8463,24.5212,24.6141,3593802,19047131,-0.2322,-0.9346,5.3,0.6563,2902068000,,2932672722.8,547560000,0,553334476,94.3425,2.5459,1.2823,-16.452,
603828.SH,柯利达,20200116,24.6141,24.5676,25.3107,24.4748,25.1714,7610081,40930526,0.5573,2.2642,5.3785,1.3898,2967775200,,2999072859.92,547560000,0,553334476,96.4786,2.6036,1.3113,-16.8245,
603828.SH,柯利达,20200117,25.1714,25.2178,25.2643,24.7534,24.7999,3656698,19601420,-0.3715,-1.476,5.3604,0.6678,2923970400,,2954806101.84,547560000,0,553334476,95.0545,2.5651,1.292,-16.5761,
603828.SH,柯利达,20200120,24.7999,24.7534,24.8927,24.5212,24.8463,2926743,15526340,0.0464,0.1873,5.305,0.5345,2929446000,,2960339446.6,547560000,0,553334476,95.2325,2.5699,1.2944,-16.6072,
603828.SH,柯利达,20200121,24.8463,24.8463,24.8463,24.5676,24.6141,2140230,11378298,-0.2322,-0.9346,5.3164,0.3909,2902068000,,2932672722.8,547560000,0,553334476,94.3425,2.5459,1.2823,-16.452,
603828.SH,柯利达,20200122,24.6141,24.5676,24.7534,24.1497,24.2426,4279474,22395774,-0.3715,-1.5094,5.2333,0.7816,2858263200,,2888405964.72,547560000,0,553334476,92.9185,2.5075,1.263,-16.2036,
603828.SH,柯利达,20200123,24.2426,24.0568,24.1961,23.4066,23.5924,3623045,18558036,-0.6502,-2.682,5.1222,0.6617,2781604800,,2810939138.08,547560000,0,553334476,90.4264,2.4402,1.2291,-15.7691,
603828.SH,柯利达,20200203,23.5924,21.2238,21.2238,21.2238,21.2238,597900,2732403,-2.3685,-10.0394,4.57,0.1092,2502349200,,2528738555.32,547560000,0,553334476,81.3482,2.1953,1.1057,-14.1859,
603828.SH,柯利达,20200204,21.2238,19.0875,20.2486,19.0875,19.4126,7550557,31874836,-1.8112,-8.5339,4.2215,1.3789,2288800800,,2312938109.68,547560000,0,553334476,74.406,2.0079,1.0113,-12.9753,
603828.SH,柯利达,20200205,19.4126,19.4126,20.0628,19.4126,19.7377,3862308,16441162,0.3251,1.6746,4.2568,0.7054,2327130000,,2351671523,547560000,0,553334476,75.652,2.0415,1.0283,-13.1926,
603828.SH,柯利达,20200206,19.7377,19.5984,20.3879,19.5519,20.2021,4758906,20619902,0.4644,2.3529,4.3329,0.8691,2381886000,,2407004970.6,547560000,0,553334476,77.4321,2.0896,1.0525,-13.503,
603828.SH,柯利达,20200207,20.2021,20.3415,20.3879,19.5519,20.0628,5412681,23196315,-0.1393,-0.6897,4.2855,0.9885,2365459200,,2390404936.32,547560000,0,553334476,76.898,2.0752,1.0452,-13.4099,
603828.SH,柯利达,20200210,20.0628,19.877,20.4343,19.7377,20.4343,3837623,16652257,0.3715,1.8519,4.3392,0.7009,2409264000,,2434671694.4,547560000,0,553334476,78.3221,2.1136,1.0646,-13.6582,
603828.SH,柯利达,20200211,20.4343,20.295,20.6665,20.2021,20.3415,3062724,13453532,-0.0929,-0.4545,4.3927,0.5593,2398312800,,2423605004.88,547560000,0,553334476,77.9661,2.104,1.0597,-13.5961,
603828.SH,柯利达,20200212,20.3415,20.3415,20.5272,20.2021,20.5272,3528626,15475959,0.1858,0.9132,4.3858,0.6444,2420215200,,2445738383.92,547560000,0,553334476,78.6781,2.1232,1.0694,-13.7203,
603828.SH,柯利达,20200213,20.5272,20.5272,20.5272,19.877,20.0628,4757396,20668975,-0.4644,-2.2624,4.3446,0.8688,2365459200,,2390404936.32,547560000,0,553334476,76.898,2.0752,1.0452,-13.4099,
603828.SH,柯利达,20200214,20.0628,19.9699,20.1557,19.8306,19.9699,2596762,11173590,-0.0929,-0.463,4.3029,0.4742,2354508000,,2379338246.8,547560000,0,553334476,76.542,2.0656,1.0404,-13.3478,
603828.SH,柯利达,20200217,19.9699,19.9699,20.8523,19.9699,20.7594,5590937,24715288,0.7895,3.9535,4.4206,1.0211,2447593200,,2473405107.72,547560000,0,553334476,79.5681,2.1472,1.0815,-13.8755,
603828.SH,柯利达,20200218,20.7594,20.6665,21.2238,20.6201,21.2238,4781889,21562782,0.4644,2.2371,4.5093,0.8733,2502349200,,2528738555.32,547560000,0,553334476,81.3482,2.1953,1.1057,-14.1859,
603828.SH,柯利达,20200219,21.2238,21.2238,21.9205,21.0845,21.5025,7060621,32763892,0.2787,1.3129,4.6404,1.2895,2535202800,,2561938623.88,547560000,0,553334476,82.4162,2.2241,1.1202,-14.3722,
603828.SH,柯利达,20200220,21.5025,21.5954,21.874,21.2703,21.874,4641142,21533594,0.3715,1.7279,4.6397,0.8476,2579007600,,2606205381.96,547560000,0,553334476,83.8402,2.2625,1.1396,-14.6205,
603828.SH,柯利达,20200221,21.874,21.9205,21.9669,21.5954,21.6883,4110919,19242177,-0.1858,-0.8493,4.6807,0.7508,2557105200,,2584072002.92,547560000,0,553334476,83.1282,2.2433,1.1299,-14.4964,
603828.SH,柯利达,20200224,21.6883,21.7811,21.7811,21.1774,21.4561,5332456,24546839,-0.2322,-1.0707,4.6033,0.9739,2529727200,,2556405279.12,547560000,0,553334476,82.2382,2.2193,1.1178,-14.3411,
603828.SH,柯利达,20200225,21.4561,21.0845,21.0845,20.3879,20.8523,5961564,26665698,-0.6037,-2.8139,4.4729,1.0888,2458544400,,2484471797.24,547560000,0,553334476,79.9241,2.1568,1.0863,-13.9376,
603828.SH,柯利达,20200226,20.8523,20.6665,22.6635,20.4808,21.9205,10840085,50849701,1.0682,5.1225,4.6909,1.9797,2584483200,,2611738726.72,547560000,0,553334476,84.0182,2.2673,1.142,-14.6516,
603828.SH,柯利达,20200227,21.9205,22.0598,23.2208,21.7347,22.4313,15882869,77581625,0.5109,2.3305,4.8846,2.9007,2644714800,,2672605519.08,547560000,0,553334476,85.9763,2.3202,1.1686,-14.993,
603828.SH,柯利达,20200228,22.4313,21.8276,23.0815,21.5954,22.0598,12065279,57896563,-0.3715,-1.6563,4.7986,2.2035,2600910000,,2628338761,547560000,0,553334476,84.5522,2.2817,1.1492,-14.7447,
603828.SH,柯利达,20200302,22.0598,22.3384,24.289,21.8276,24.289,19062733,95347513,2.2292,10.1053,5.0018,3.4814,2863738800,,2893939309.48,547560000,0,553334476,93.0965,2.5123,1.2654,-16.2347,
603828.SH,柯利达,20200303,24.289,24.7534,26.704,24.7534,25.4036,38418510,214438248,1.1146,4.5889,5.5816,7.0163,2995153200,,3026739583.72,547560000,0,553334476,97.3686,2.6276,1.3234,-16.9797,
603828.SH,柯利达,20200304,25.4036,25.0785,25.2643,23.9639,24.7534,21708871,114575067,-0.6502,-2.5594,5.2778,3.9647,2918494800,,2949272757.08,547560000,0,553334476,94.8765,2.5603,1.2896,-16.5451,
603828.SH,柯利达,20200305,24.7534,24.7534,25.5429,24.2426,24.4283,15524672,81845398,-0.3251,-1.3133,5.272,2.8352,2880165600,,2910539343.76,547560000,0,553334476,93.6305,2.5267,1.2726,-16.3278,
603828.SH,柯利达,20200306,24.4283,23.8246,24.1497,23.2673,23.4995,15064060,76354223,-0.9288,-3.8023,5.0686,2.7511,2770653600,,2799872448.56,547560000,0,553334476,90.0704,2.4306,1.2242,-15.707,
603828.SH,柯利达,20200309,23.4995,22.9886,23.1744,22.1991,22.2456,10739247,52363619,-1.2539,-5.336,4.8759,1.9613,2622812400,,2650472140.04,547560000,0,553334476,85.2643,2.3009,1.1589,-14.8688,
603828.SH,柯利达,20200310,22.2456,21.5489,22.8493,21.5489,22.5707,8337327,39696890,0.3251,1.4614,4.7613,1.5226,2661141600,,2689205553.36,547560000,0,553334476,86.5103,2.3346,1.1759,-15.0861,
603828.SH,柯利达,20200311,22.5707,22.5242,22.9422,22.1991,22.1991,7223984,35175689,-0.3715,-1.6461,4.8693,1.3193,2617336800,,2644938795.28,547560000,0,553334476,85.0863,2.2961,1.1565,-14.8378,
603828.SH,柯利达,20200312,22.1991,21.8276,21.8276,20.9452,21.2703,8454876,39037030,-0.9288,-4.1841,4.6171,1.5441,2507824800,,2534271900.08,547560000,0,553334476,81.5262,2.2001,1.1081,-14.217,
603828.SH,柯利达,20200313,21.2703,20.1092,21.0381,19.7377,20.9452,7242609,31996126,-0.3251,-1.5284,4.4178,1.3227,2469495600,,2495538486.76,547560000,0,553334476,80.2801,2.1664,1.0912,-13.9997,
603828.SH,柯利达,20200316,20.9452,21.2238,21.3632,20.1557,20.295,5559249,25002978,-0.6502,-3.1042,4.4975,1.0153,2392837200,,2418071660.12,547560000,0,553334476,77.7881,2.0992,1.0573,-13.5651,
603828.SH,柯利达,20200317,20.295,20.3879,20.6665,19.4126,20.2021,4183844,17992616,-0.0929,-0.4577,4.3005,0.7641,2381886000,,2407004970.6,547560000,0,553334476,77.4321,2.0896,1.0525,-13.503,
603828.SH,柯利达,20200318,20.2021,20.3415,20.8059,19.5055,19.5984,5436768,23731182,-0.6037,-2.9885,4.3649,0.9929,2310703200,,2335071488.72,547560000,0,553334476,75.118,2.0271,1.021,-13.0995,
603828.SH,柯利达,20200319,19.5984,19.8306,21.5489,19.5519,20.713,8558374,37735709,1.1146,5.6872,4.4092,1.563,2442117600,,2467871762.96,547560000,0,553334476,79.3901,2.1424,1.0791,-13.8445,
603828.SH,柯利达,20200320,20.713,20.4343,21.5025,20.4343,20.9916,7358946,33216469,0.2787,1.3453,4.5138,1.344,2474971200,,2501071831.52,547560000,0,553334476,80.4581,2.1712,1.0936,-14.0307,
603828.SH,柯利达,20200323,20.9916,20.4808,20.8988,20.0164,20.0164,4354829,19220338,-0.9753,-4.646,4.4136,0.7953,2359983600,,2384871591.56,547560000,0,553334476,76.72,2.0704,1.0428,-13.3789,
603828.SH,柯利达,20200324,20.0164,20.4808,20.7594,20.0628,20.5272,4356423,19153484,0.5109,2.5522,4.3966,0.7956,2420215200,,2445738383.92,547560000,0,553334476,78.6781,2.1232,1.0694,-13.7203,
603828.SH,柯利达,20200325,20.5272,20.8523,21.0845,20.713,20.9452,4795462,21569911,0.418,2.0362,4.498,0.8758,2469495600,,2495538486.76,547560000,0,553334476,80.2801,2.1664,1.0912,-13.9997,
603828.SH,柯利达,20200326,20.9452,20.8523,20.9916,20.5737,20.5737,2938828,13155510,-0.3715,-1.7738,4.4764,0.5367,2425690800,,2451271728.68,547560000,0,553334476,78.8561,2.128,1.0718,-13.7514,
603828.SH,柯利达,20200327,20.5737,20.7594,21.0381,20.6201,20.6201,3298379,14795318,0.0464,0.2257,4.4856,0.6024,2431166400,,2456805073.44,547560000,0,553334476,79.0341,2.1328,1.0742,-13.7824,
603828.SH,柯利达,20200330,20.6201,20.3879,20.4808,19.9235,20.0164,3235360,14028012,-0.6037,-2.9279,4.3358,0.5909,2359983600,,2384871591.56,547560000,0,553334476,76.72,2.0704,1.0428,-13.3789,
603828.SH,柯利达,20200331,20.0164,20.2021,20.6201,20.2021,20.2021,2660227,11687621,0.1858,0.9281,4.3935,0.4858,2381886000,,2407004970.6,547560000,0,553334476,77.4321,2.0896,1.0525,-13.503,
603828.SH,柯利达,20200401,20.2021,20.4343,20.6201,20.0164,20.1092,3028569,13250692,-0.0929,-0.4598,4.3752,0.5531,2370934800,,2395938281.08,547560000,0,553334476,77.076,2.08,1.0476,-13.4409,
603828.SH,柯利达,20200402,20.1092,20.295,20.5737,19.7377,20.5737,2281426,9988416,0.4644,2.3095,4.3781,0.4167,2425690800,,2451271728.68,547560000,0,553334476,78.8561,2.128,1.0718,-13.7514,
603828.SH,柯利达,20200403,20.5737,20.6665,20.7594,20.295,20.295,2224590,9810894,-0.2787,-1.3544,4.4102,0.4063,2392837200,,2418071660.12,547560000,0,553334476,77.7881,2.0992,1.0573,-13.5651,
603828.SH,柯利达,20200407,20.295,20.713,20.8523,20.4808,20.8523,3214223,14330618,0.5573,2.746,4.4585,0.587,2458544400,,2484471797.24,547560000,0,553334476,79.9241,2.1568,1.0863,-13.9376,
603828.SH,柯利达,20200408,20.8523,20.8059,20.8059,20.5272,20.713,3137351,13967627,-0.1393,-0.6682,4.452,0.573,2442117600,,2467871762.96,547560000,0,553334476,79.3901,2.1424,1.0791,-13.8445,
603828.SH,柯利达,20200409,20.713,20.713,20.9452,20.6665,20.7594,2992037,13389073,0.0464,0.2242,4.4749,0.5464,2447593200,,2473405107.72,547560000,0,553334476,79.5681,2.1472,1.0815,-13.8755,
603828.SH,柯利达,20200410,20.7594,20.8059,20.8059,20.2021,20.2021,2987014,13156426,-0.5573,-2.6846,4.4045,0.5455,2381886000,,2407004970.6,547560000,0,553334476,77.4321,2.0896,1.0525,-13.503,
603828.SH,柯利达,20200413,20.2021,20.2486,20.6201,20.2021,20.4343,2675225,11751957,0.2322,1.1494,4.3929,0.4886,2409264000,,2434671694.4,547560000,0,553334476,78.3221,2.1136,1.0646,-13.6582,
603828.SH,柯利达,20200414,20.4343,20.3415,20.4343,20.2486,20.4343,2913440,12760418,0,0,4.3798,0.5321,2409264000,,2434671694.4,547560000,0,553334476,78.3221,2.1136,1.0646,-13.6582,
603828.SH,柯利达,20200415,20.4343,20.5737,20.6665,20.295,20.3879,2652641,11708408,-0.0464,-0.2273,4.4139,0.4844,2403788400,,2429138349.64,547560000,0,553334476,78.1441,2.1088,1.0621,-13.6272,
603828.SH,柯利达,20200416,20.3879,20.2486,20.3879,20.0164,20.1557,2345872,10177381,-0.2322,-1.139,4.3384,0.4284,2376410400,,2401471625.84,547560000,0,553334476,77.2541,2.0848,1.05,-13.472,
603828.SH,柯利达,20200417,20.1557,20.1092,20.295,19.9235,19.9699,3550992,15397152,-0.1858,-0.9217,4.336,0.6485,2354508000,,2379338246.8,547560000,0,553334476,76.542,2.0656,1.0404,-13.3478,
603828.SH,柯利达,20200420,19.9699,19.9699,20.1557,19.877,20.0628,1920233,8279161,0.0929,0.4651,4.3115,0.3507,2365459200,,2390404936.32,547560000,0,553334476,76.898,2.0752,1.0452,-13.4099,
603828.SH,柯利达,20200421,20.0628,19.9235,19.9699,19.5984,19.8306,2940121,12521245,-0.2322,-1.1574,4.2588,0.5369,2338081200,,2362738212.52,547560000,0,553334476,76.008,2.0512,1.0331,-13.2547,
603828.SH,柯利达,20200422,19.8306,19.5984,20.0628,19.5519,19.877,2501099,10667356,0.0464,0.2342,4.2651,0.4568,2343556800,,2368271557.28,547560000,0,553334476,76.186,2.056,1.0355,-13.2857,
603828.SH,柯利达,20200423,19.877,19.9235,19.9699,19.5055,19.5519,3027859,12857110,-0.3251,-1.6355,4.2463,0.553,2305227600,,2329538143.96,547560000,0,553334476,74.94,2.0223,1.0186,-13.0684,
603828.SH,柯利达,20200424,19.5519,19.5519,19.5984,19.1804,19.2733,3065377,12753988,-0.2787,-1.4252,4.1607,0.5598,2272374000,,2272459211.95,547560000,0,547580533,73.1038,1.9728,0.9936,-12.7482,
603828.SH,柯利达,20200427,19.2733,19.2269,19.3197,19.0411,19.2733,1893770,7828771,0,0,4.134,0.3459,2272374000,,2272459211.95,547560000,0,547580533,73.1038,1.9728,0.9936,-12.7482,
603828.SH,柯利达,20200428,19.2733,19.2733,19.3662,18.0194,19.2269,3480126,14021122,-0.0464,-0.241,4.0289,0.6356,2266898400,,2266983406.62,547560000,0,547580533,72.9276,1.968,0.9912,-12.7175,
603828.SH,柯利达,20200429,19.2269,19.134,19.3197,18.6231,18.716,1977148,8065984,-0.5109,-2.657,4.0796,0.3611,2206666800,,2206749547.99,547560000,0,547580533,59.188,1.9285,0.9649,-12.3796,
603828.SH,柯利达,20200430,18.716,18.716,19.1804,18.6231,18.9018,2109231,8614154,0.1858,0.9926,4.084,0.3852,2228569200,,2228652769.31,547560000,0,547580533,122.6469,1.6143,0.9745,-12.5025,
603828.SH,柯利达,20200506,18.9018,19.0411,19.2733,18.8553,19.2733,2353906,9710315,0.3715,1.9656,4.1252,0.4299,2272374000,,2272459211.95,547560000,0,547580533,125.0576,1.646,0.9936,-12.7482,
603828.SH,柯利达,20200507,19.2733,19.3197,19.3662,19.0875,19.1804,1563694,6458997,-0.0929,-0.4819,4.1306,0.2856,2261422800,,2261507601.29,547560000,0,547580533,124.4549,1.6381,0.9888,-12.6868,
603828.SH,柯利达,20200508,19.1804,19.2269,19.5055,19.1804,19.4126,2623736,10938134,0.2322,1.2107,4.1689,0.4792,2288800800,,2288886627.94,547560000,0,547580533,125.9616,1.6579,1.0008,-12.8404,
603828.SH,柯利达,20200511,19.4126,19.5055,19.6448,19.1804,19.3197,3153132,13144928,-0.0929,-0.4785,4.1688,0.5759,2277849600,,2277935017.28,547560000,0,547580533,125.3589,1.65,0.996,-12.779,
603828.SH,柯利达,20200512,19.3197,19.2269,19.3662,18.8089,19.0411,3138279,12854103,-0.2787,-1.4423,4.0959,0.5731,2244996000,,2245080185.3,547560000,0,547580533,123.5509,1.6262,0.9817,-12.5946,
603828.SH,柯利达,20200513,19.0411,19.0411,19.1804,18.7624,19.1804,1857405,7597919,0.1393,0.7317,4.0906,0.3392,2261422800,,2261507601.29,547560000,0,547580533,124.4549,1.6381,0.9888,-12.6868,
603828.SH,柯利达,20200514,19.1804,19.134,19.134,18.8553,18.9018,1513064,6185512,-0.2787,-1.4528,4.0881,0.2763,2228569200,,2228652769.31,547560000,0,547580533,122.6469,1.6143,0.9745,-12.5025,
603828.SH,柯利达,20200515,18.9018,18.8553,19.0411,18.6231,18.7624,2180300,8830946,-0.1393,-0.7371,4.0503,0.3982,2212142400,,2212225353.32,547560000,0,547580533,121.7428,1.6024,0.9673,-12.4103,
603828.SH,柯利达,20200518,18.7624,18.7624,18.8553,18.6231,18.6696,1559123,6292094,-0.0929,-0.495,4.0357,0.2847,2201191200,,2201273742.66,547560000,0,547580533,121.1401,1.5944,0.9625,-12.3489,
603828.SH,柯利达,20200519,18.6696,18.7624,20.5272,18.6231,19.8306,6680609,28306401,1.161,6.2189,4.2371,1.2201,2338081200,,2338168875.91,547560000,0,547580533,128.6737,1.6936,1.0224,-13.1169,
603828.SH,柯利达,20200520,19.8306,19.5055,19.7842,19.3197,19.5055,3552350,14961759,-0.3251,-1.6393,4.2118,0.6488,2299752000,,2299838238.6,547560000,0,547580533,126.5643,1.6658,1.0056,-12.9018,
603828.SH,柯利达,20200521,19.5055,19.4591,19.7842,19.3197,19.4126,2189773,9195968,-0.0929,-0.4762,4.1995,0.3999,2288800800,,2288886627.94,547560000,0,547580533,125.9616,1.6579,1.0008,-12.8404,
603828.SH,柯利达,20200522,19.4126,19.3662,19.4126,18.7624,18.8553,2686415,10998798,-0.5573,-2.8708,4.0942,0.4906,2223093600,,2223176963.98,547560000,0,547580533,122.3455,1.6103,0.9721,-12.4718,
603828.SH,柯利达,20200525,18.8553,18.8553,19.0411,18.7624,18.9018,1555583,6325103,0.0464,0.2463,4.0661,0.2841,2228569200,,2228652769.31,547560000,0,547580533,122.6469,1.6143,0.9745,-12.5025,
603828.SH,柯利达,20200526,18.9018,18.9482,19.134,18.8089,19.134,1763821,7227482,0.2322,1.2285,4.0976,0.3221,2255947200,,2256031795.96,547560000,0,547580533,124.1536,1.6341,0.9864,-12.6561,
603828.SH,柯利达,20200527,19.134,19.2269,19.7842,19.0875,19.4126,4015116,16818688,0.2787,1.4563,4.1888,0.7333,2288800800,,2288886627.94,547560000,0,547580533,125.9616,1.6579,1.0008,-12.8404,
603828.SH,柯利达,20200528,19.4126,19.5519,21.3632,19.5519,21.3632,17001708,75911347,1.9506,10.0478,4.4649,3.105,2518776000,,2518870451.8,547560000,0,547580533,138.6181,1.8245,1.1014,-14.1306,
603828.SH,柯利达,20200529,21.3632,22.1062,23.4995,22.1062,23.4995,34427638,170809838,2.1363,10,4.9614,6.2875,2770653600,,2770757496.98,547560000,0,547580533,152.4799,2.0069,1.2115,-15.5436,
603828.SH,柯利达,20200601,23.4995,24.8463,25.868,24.3819,25.868,15985728,87583015,2.3685,10.0791,5.4788,2.9194,3049909200,,3050023568.81,547560000,0,547580533,167.8484,2.2092,1.3336,-17.1103,
603828.SH,柯利达,20200602,25.868,27.2148,28.0972,24.4748,25.1714,53620673,301420164,-0.6966,-2.693,5.6213,9.7927,2967775200,,2967886488.86,547560000,0,547580533,163.3282,2.1497,1.2977,-16.6495,
603828.SH,柯利达,20200603,25.1714,24.6605,25.4036,23.871,24.0103,34767078,182269579,-1.161,-4.6125,5.2426,6.3495,2830885200,,2830991355.61,547560000,0,547580533,155.7946,2.0505,1.2378,-15.8815,
603828.SH,柯利达,20200604,24.0103,23.6853,24.1032,22.71,22.8029,23877404,119315144,-1.2075,-5.029,4.997,4.3607,2688519600,,2688620417.03,547560000,0,547580533,147.9597,1.9474,1.1756,-15.0829,
603828.SH,柯利达,20200605,22.8029,22.8957,23.128,22.4313,23.0351,15813219,77730047,0.2322,1.0183,4.9155,2.8879,2715897600,,2715999443.68,547560000,0,547580533,149.4664,1.9673,1.1876,-15.2364,
603828.SH,柯利达,20200608,23.0351,22.8029,24.6141,22.8029,24.2426,23509703,120852225,1.2075,5.2419,5.1405,4.2935,2858263200,,2858370382.26,547560000,0,547580533,157.3014,2.0704,1.2498,-16.0351,
603828.SH,柯利达,20200609,24.2426,24.0568,24.3819,23.3137,23.453,13203489,66909118,-0.7895,-3.2567,5.0675,2.4113,2765178000,,2765281691.65,547560000,0,547580533,152.1785,2.0029,1.2091,-15.5129,
603828.SH,柯利达,20200610,23.453,22.9886,23.2208,22.1527,22.6171,12529294,60790430,-0.836,-3.5644,4.8519,2.2882,2666617200,,2666717195.71,547560000,0,547580533,146.7543,1.9316,1.166,-14.96,
603828.SH,柯利达,20200611,22.6171,22.3384,22.8493,22.1991,22.4313,7941171,38364871,-0.1858,-0.8214,4.8311,1.4503,2644714800,,2644813974.39,547560000,0,547580533,145.549,1.9157,1.1564,-14.8371,
603828.SH,柯利达,20200612,22.4313,21.7347,22.6171,21.6418,22.4778,5832950,28017149,0.0464,0.207,4.8033,1.0653,2650190400,,2650289779.72,547560000,0,547580533,145.8503,1.9197,1.1588,-14.8678,
603828.SH,柯利达,20200615,22.4778,22.292,24.1032,22.0598,22.6171,9150484,45295064,0.1393,0.6198,4.95,1.6711,2666617200,,2666717195.71,547560000,0,547580533,146.7543,1.9316,1.166,-14.96,
603828.SH,柯利达,20200616,22.6171,22.8029,23.0351,22.0598,22.5242,6836954,32994179,-0.0929,-0.4107,4.8259,1.2486,2655666000,,2655765585.05,547560000,0,547580533,146.1517,1.9236,1.1612,-14.8985,
603828.SH,柯利达,20200617,22.5242,22.292,23.6853,22.2456,23.2673,11531110,57493985,0.7431,3.299,4.986,2.1059,2743275600,,2743378470.33,547560000,0,547580533,150.9731,1.9871,1.1995,-15.39,
603828.SH,柯利达,20200618,23.2673,23.3602,23.871,22.8029,23.453,9278953,46701286,0.1858,0.7984,5.033,1.6946,2765178000,,2765281691.65,547560000,0,547580533,152.1785,2.0029,1.2091,-15.5129,
603828.SH,柯利达,20200619,23.453,23.3602,23.8246,22.7564,23.8246,10151482,50783843,0.3715,1.5842,5.0026,1.8539,2808982800,,2809088134.29,547560000,0,547580533,154.5893,2.0347,1.2283,-15.7587,
603828.SH,柯利达,20200622,23.8246,23.9175,23.9175,22.9886,22.9886,7757740,38948689,-0.836,-3.5088,5.0206,1.4168,2710422000,,2710523638.35,547560000,0,547580533,149.1651,1.9633,1.1852,-15.2057,
603828.SH,柯利达,20200623,22.9886,22.9422,22.9886,22.0134,22.1527,8666875,41571047,-0.836,-3.6364,4.7965,1.5828,2611861200,,2611959142.41,547560000,0,547580533,143.7409,1.8919,1.1421,-14.6528,
603828.SH,柯利达,20200624,22.1527,22.1527,22.292,21.8276,22.292,3315994,15725481,0.1393,0.6289,4.7423,0.6056,2628288000,,2628386558.4,547560000,0,547580533,144.6449,1.9038,1.1493,-14.745,
603828.SH,柯利达,20200629,22.292,22.2456,22.2456,21.5489,21.5489,5415592,25356939,-0.7431,-3.3333,4.6822,0.989,2540678400,,2540773673.12,547560000,0,547580533,139.8234,1.8403,1.1109,-14.2535,
603828.SH,柯利达,20200630,21.5489,21.5954,22.0598,21.5025,21.5954,3610533,16854224,0.0464,0.2155,4.6681,0.6594,2546154000,,2546249478.45,547560000,0,547580533,140.1248,1.8443,1.1133,-14.2842,
603828.SH,柯利达,20200701,21.5954,21.5489,21.6883,21.3167,21.5954,4250218,19708828,0,0,4.6371,0.7762,2546154000,,2546249478.45,547560000,0,547580533,140.1248,1.8443,1.1133,-14.2842,
603828.SH,柯利达,20200702,21.5954,21.5489,22.0598,21.4561,21.9669,4539114,21282546,0.3715,1.7204,4.6887,0.829,2589958800,,2590055921.09,547560000,0,547580533,142.5355,1.876,1.1325,-14.5299,
603828.SH,柯利达,20200703,21.9669,21.9669,22.8029,21.7811,22.5707,6350204,30530655,0.6037,2.7484,4.8078,1.1597,2661141600,,2661241390.38,547560000,0,547580533,146.453,1.9276,1.1636,-14.9293,
603828.SH,柯利达,20200706,22.5707,22.4778,24.6141,22.4778,23.6853,18449472,93505352,1.1146,4.9383,5.0682,3.3694,2792556000,,2792660718.3,547560000,0,547580533,153.6852,2.0228,1.2211,-15.6665,
603828.SH,柯利达,20200707,23.6853,23.9175,24.4748,23.5459,23.7317,17757494,91292759,0.0464,0.1961,5.1411,3.243,2798031600,,2798136523.63,547560000,0,547580533,153.9866,2.0267,1.2235,-15.6972,
603828.SH,柯利达,20200708,23.7317,23.871,25.0321,23.5924,24.6141,19761027,102828698,0.8824,3.7182,5.2036,3.6089,2902068000,,2902176824.9,547560000,0,547580533,159.7121,2.1021,1.269,-16.2809,
603828.SH,柯利达,20200709,24.6141,25.3107,25.45,24.289,24.7534,15458879,82102724,0.1393,0.566,5.311,2.8232,2918494800,,2918604240.89,547560000,0,547580533,160.6161,2.114,1.2762,-16.373,
603828.SH,柯利达,20200710,24.7534,24.5212,24.8927,24.0103,24.0103,8899230,46691916,-0.7431,-3.0019,5.2467,1.6253,2830885200,,2830991355.61,547560000,0,547580533,155.7946,2.0505,1.2378,-15.8815,
603828.SH,柯利达,20200713,24.0103,24.0103,24.6141,23.9175,24.4748,9728662,50953199,0.4644,1.9342,5.2374,1.7767,2885641200,,2885749408.91,547560000,0,547580533,158.8081,2.0902,1.2618,-16.1887,
603828.SH,柯利达,20200714,24.4748,24.5676,25.2643,24.1032,24.7999,11418893,60787835,0.3251,1.3283,5.3234,2.0854,2923970400,,2924080046.22,547560000,0,547580533,160.9175,2.118,1.2785,-16.4038,
603828.SH,柯利达,20200715,24.7999,24.7999,25.1714,23.871,24.1032,9287219,48636868,-0.6966,-2.809,5.237,1.6961,2841836400,,2841942966.27,547560000,0,547580533,156.3973,2.0585,1.2426,-15.943,
603828.SH,柯利达,20200716,24.1032,24.1032,24.289,23.0351,23.2673,6101124,31266810,-0.836,-3.4682,5.1248,1.1142,2743275600,,2743378470.33,547560000,0,547580533,150.9731,1.9871,1.1995,-15.39,
603828.SH,柯利达,20200717,23.2673,23.2208,23.4066,22.3384,22.71,6532997,32077469,-0.5573,-2.3952,4.9101,1.1931,2677568400,,2677668806.37,547560000,0,547580533,147.357,1.9395,1.1708,-15.0214,
603828.SH,柯利达,20200720,22.71,23.1744,24.4283,22.9422,24.289,10173138,52143455,1.579,6.953,5.1256,1.8579,2863738800,,2863846187.59,547560000,0,547580533,157.6027,2.0743,1.2522,-16.0659,
603828.SH,柯利达,20200721,24.289,24.289,24.6141,23.7781,24.1032,8311775,43124110,-0.1858,-0.7648,5.1883,1.518,2841836400,,2841942966.27,547560000,0,547580533,156.3973,2.0585,1.2426,-15.943,
603828.SH,柯利达,20200722,24.1032,24.1497,24.8463,23.871,24.0568,7754456,40646585,-0.0464,-0.1927,5.2417,1.4162,2836360800,,2836467160.94,547560000,0,547580533,156.096,2.0545,1.2402,-15.9123,
603828.SH,柯利达,20200723,24.0568,23.9639,23.9639,22.8957,23.9175,6107770,30921760,-0.1393,-0.5792,5.0627,1.1155,2819934000,,2820039744.95,547560000,0,547580533,155.192,2.0426,1.2331,-15.8201,
603828.SH,柯利达,20200724,23.9175,23.6853,24.0568,22.7564,23.453,7551445,38015398,-0.4644,-1.9417,5.0342,1.3791,2765178000,,2765281691.65,547560000,0,547580533,152.1785,2.0029,1.2091,-15.5129,
603828.SH,柯利达,20200727,23.453,24.4283,25.8216,23.7781,25.8216,17968051,97086533,2.3685,10.099,5.4033,3.2815,3044433600,,3044547763.48,547560000,0,547580533,167.547,2.2052,1.3312,-17.0796,
603828.SH,柯利达,20200728,25.8216,26.9826,28.4223,25.3572,26.0073,46427691,272844809,0.1858,0.7194,5.8768,8.479,3066336000,,3066450984.8,547560000,0,547580533,168.7524,2.2211,1.3408,-17.2024,
603828.SH,柯利达,20200729,26.0073,25.4965,27.1684,25.1249,26.5646,30624587,172803614,0.5573,2.1429,5.6426,5.5929,3132043200,,3132160648.76,547560000,0,547580533,172.3685,2.2687,1.3695,-17.5711,
603828.SH,柯利达,20200730,26.5646,26.0073,26.8433,25.3572,25.5894,20073118,112269325,-0.9753,-3.6713,5.593,3.6659,3017055600,,3017168736.83,547560000,0,547580533,166.0403,2.1854,1.3193,-16.926,
603828.SH,柯利达,20200731,25.5894,26.1002,28.1437,26.0073,28.1437,11660562,68738093,2.5543,9.9819,5.8949,2.1295,3318213600,,3318338029.98,547560000,0,547580533,182.6142,2.4035,1.4509,-18.6155,
603828.SH,柯利达,20200803,28.1437,29.3047,30.9766,28.9332,29.7227,49918327,323713156,1.579,5.6106,6.4849,9.1165,3504384000,,3504515411.2,547560000,0,547580533,192.8599,2.5384,1.5323,-19.6599,
603828.SH,柯利达,20200804,29.7227,29.3047,32.6485,28.4223,31.3946,43040535,278341076,1.6719,5.625,6.467,7.8604,3701505600,,3701644403.08,547560000,0,547580533,203.7083,2.6812,1.6185,-20.7658,
603828.SH,柯利达,20200805,31.3946,30.3264,32.4627,29.6298,30.7444,28737333,189995988,-0.6502,-2.071,6.6115,5.2483,3624847200,,3624983128.46,547560000,0,547580533,199.4895,2.6256,1.585,-20.3357,
603828.SH,柯利达,20200806,30.7444,30.4193,33.8095,30.1871,33.8095,39561571,278198507,3.0652,9.9698,7.032,7.2251,3986236800,,3986386280.24,547560000,0,547580533,219.3781,2.8874,1.743,-22.3632,
603828.SH,柯利达,20200807,33.8095,35.4814,37.1998,33.02,34.5062,51570947,389379999,0.6966,2.0604,7.5504,9.4183,4068370800,,4068523360.19,547560000,0,547580533,223.8983,2.9469,1.779,-22.824,
603828.SH,柯利达,20200810,34.5062,33.438,34.4597,32.7878,33.9024,18752207,135684180,-0.6037,-1.7497,7.2356,3.4247,3997188000,,3997337890.9,547560000,0,547580533,219.9808,2.8953,1.7478,-22.4246,
603828.SH,柯利达,20200811,33.9024,34.1811,37.014,34.1346,34.5062,23248331,176464360,0.6037,1.7808,7.5904,4.2458,4068370800,,4068523360.19,547560000,0,547580533,223.8983,2.9469,1.779,-22.824,
603828.SH,柯利达,20200812,34.5062,33.9024,35.2492,32.2305,34.274,16852731,122729973,-0.2322,-0.6729,7.2825,3.0778,4040992800,,4041144333.54,547560000,0,547580533,222.3916,2.9271,1.767,-22.6704,
603828.SH,柯利达,20200813,34.274,34.0417,34.274,32.4163,32.5556,14065475,100427084,-1.7183,-5.0136,7.14,2.5688,3838395600,,3838539536.33,547560000,0,547580533,211.2419,2.7803,1.6784,-21.5338,
603828.SH,柯利达,20200814,32.5556,32.7414,32.7878,31.5339,32.1376,12115163,83809199,-0.418,-1.2839,6.9177,2.2126,3789115200,,3789257288.36,547560000,0,547580533,208.5298,2.7446,1.6568,-21.2573,
603828.SH,柯利达,20200817,32.1376,33.438,33.5309,32.2305,33.2522,11668830,82696690,1.1146,3.4682,7.087,2.1311,3920529600,,3920676616.28,547560000,0,547580533,215.762,2.8398,1.7143,-21.9946,
603828.SH,柯利达,20200818,33.2522,33.2987,36.5496,32.5092,34.8313,18706700,138808574,1.579,4.7486,7.4203,3.4164,4106700000,,4106853997.5,547560000,0,547580533,226.0077,2.9747,1.7957,-23.039,
603828.SH,柯利达,20200819,34.8313,35.1099,35.1563,33.6702,34.6919,8999467,66744316,-0.1393,-0.4,7.4165,1.6436,4090273200,,4090426581.51,547560000,0,547580533,225.1037,2.9628,1.7885,-22.9468,
603828.SH,柯利达,20200820,34.6919,34.2275,34.8313,33.3916,33.4844,5286847,38551181,-1.2075,-3.4806,7.2919,0.9655,3947907600,,3948055642.93,547560000,0,547580533,217.2687,2.8597,1.7263,-22.1481,
603828.SH,柯利达,20200821,33.4844,34.0417,34.5526,32.5092,33.02,9538600,68618049,-0.4644,-1.387,7.1937,1.742,3893151600,,3893297589.63,547560000,0,547580533,214.2553,2.82,1.7023,-21.841,
603828.SH,柯利达,20200824,33.02,33.2058,33.3451,32.0448,32.5556,8984547,62812348,-0.4644,-1.4065,6.9912,1.6408,3838395600,,3838539536.33,547560000,0,547580533,211.2419,2.7803,1.6784,-21.5338,
603828.SH,柯利达,20200825,32.5556,32.5556,32.6021,30.8837,31.0695,9308216,63252968,-1.4861,-4.5649,6.7954,1.6999,3663176400,,3663313765.77,547560000,0,547580533,201.5989,2.6534,1.6018,-20.5508,
603828.SH,柯利达,20200826,31.0695,31.023,31.8125,29.5369,29.862,9232209,60613486,-1.2075,-3.8864,6.5654,1.6861,3520810800,,3520942827.19,547560000,0,547580533,193.7639,2.5503,1.5395,-19.7521,
603828.SH,柯利达,20200827,29.862,29.8156,30.1406,29.1654,30.0013,5237870,33424105,0.1393,0.4666,6.3812,0.9566,3537237600,,3537370243.18,547560000,0,547580533,194.668,2.5622,1.5467,-19.8442,
603828.SH,柯利达,20200828,30.0013,30.7908,30.7908,28.7938,29.3511,7860571,49595227,-0.6502,-2.1672,6.3094,1.4356,3460579200,,3460708968.56,547560000,0,547580533,91.623,2.4906,1.5132,-19.4142,
603828.SH,柯利达,20200831,29.3511,29.4905,30.0942,28.3294,29.026,16479371,103218805,-0.3251,-1.1076,6.2635,3.0096,3422250000,,3422378331.25,547560000,0,547580533,90.6082,2.463,1.4964,-19.1992,
603828.SH,柯利达,20200901,29.026,28.8867,29.2583,28.0972,29.0725,8430915,52009647,0.0464,0.16,6.1689,1.5397,3427725600,,3427854136.58,547560000,0,547580533,90.7532,2.467,1.4988,-19.2299,
603828.SH,柯利达,20200902,29.0725,29.0725,29.3976,28.7474,28.9796,5852480,36604373,-0.0929,-0.3195,6.2545,1.0688,3416774400,,3416902525.92,547560000,0,547580533,90.4632,2.4591,1.494,-19.1684,
603828.SH,柯利达,20200903,28.9796,29.3976,29.3976,28.2365,28.7938,5597978,34468511,-0.1858,-0.641,6.1573,1.0223,3394872000,,3394999304.6,547560000,0,547580533,89.8833,2.4433,1.4845,-19.0456,
603828.SH,柯利达,20200904,28.7938,28.3759,28.5152,27.4935,28.3759,5936761,35852762,-0.418,-1.4516,6.0391,1.0842,3345591600,,3345717056.63,547560000,0,547580533,88.5786,2.4078,1.4629,-18.7691,
603828.SH,柯利达,20200907,28.3759,28.701,29.1189,27.865,27.9114,7405270,45272136,-0.4644,-1.6367,6.1135,1.3524,3290835600,,3290959003.33,547560000,0,547580533,87.1288,2.3684,1.439,-18.4619,
603828.SH,柯利达,20200908,27.9114,27.9114,28.1901,27.5864,28.0972,3831479,23006366,0.1858,0.6656,6.0046,0.6997,3312738000,,3312862224.65,547560000,0,547580533,87.7087,2.3842,1.4485,-18.5848,
603828.SH,柯利达,20200909,28.0972,28.0043,28.0043,26.704,26.8433,7327092,42971442,-1.2539,-4.4628,5.8647,1.3381,3164896800,,3165015480.74,547560000,0,547580533,83.7944,2.2778,1.3839,-17.7554,
603828.SH,柯利达,20200910,26.8433,27.0755,27.2148,25.9145,26.0073,7149939,40875613,-0.836,-3.1142,5.7169,1.3058,3066336000,,3066450984.8,547560000,0,547580533,81.1849,2.2069,1.3408,-17.2024,
603828.SH,柯利达,20200911,26.0073,26.0538,26.7504,25.6822,26.6575,3540334,20079511,0.6502,2.5,5.6716,0.6466,3142994400,,3143112259.42,547560000,0,547580533,83.2146,2.262,1.3743,-17.6325,
603828.SH,柯利达,20200914,26.6575,26.6575,26.7968,25.1249,25.4036,10242953,56681239,-1.2539,-4.7038,5.5337,1.8707,2995153200,,2995265515.51,547560000,0,547580533,79.3003,2.1556,1.3097,-16.8031,
603828.SH,柯利达,20200915,25.4036,25.45,27.9579,25.3572,26.9826,14861290,85367215,1.579,6.2157,5.7443,2.7141,3181323600,,3181442896.73,547560000,0,547580533,84.2294,2.2896,1.3911,-17.8475,
603828.SH,柯利达,20200916,26.9826,26.8897,28.4687,26.3324,27.6792,13875294,81836824,0.6966,2.5818,5.898,2.534,3263457600,,3263579976.68,547560000,0,547580533,86.404,2.3487,1.427,-18.3083,
603828.SH,柯利达,20200917,27.6792,28.4687,28.4687,26.5646,27.3541,11631595,67553335,-0.3251,-1.1745,5.8077,2.1243,3225128400,,3225249339.37,547560000,0,547580533,85.3892,2.3211,1.4102,-18.0933,
603828.SH,柯利达,20200918,27.3541,27.1219,29.026,26.9826,28.6081,13892200,84779529,1.2539,4.584,6.1027,2.5371,3372969600,,3373096083.28,547560000,0,547580533,89.3034,2.4276,1.4749,-18.9227,
603828.SH,柯利达,20200921,28.6081,28.701,29.9549,28.3294,29.2118,15908116,100209631,0.6037,2.1104,6.2993,2.9053,3444152400,,3444281552.57,547560000,0,547580533,91.1881,2.4788,1.506,-19.322,
603828.SH,柯利达,20200922,29.2118,29.0725,29.3511,28.3294,28.7474,8382375,52080282,-0.4644,-1.5898,6.2131,1.5309,3389396400,,3389523499.27,547560000,0,547580533,89.7383,2.4394,1.4821,-19.0148,
603828.SH,柯利达,20200923,28.7474,28.7938,28.9796,27.4935,27.7721,11759604,70777226,-0.9753,-3.3926,6.0187,2.1476,3274408800,,3274531587.34,547560000,0,547580533,86.6939,2.3566,1.4318,-18.3698,
603828.SH,柯利达,20200924,27.7721,27.5399,27.865,26.6111,27.1684,9455292,55022163,-0.6037,-2.1739,5.8192,1.7268,3203226000,,3203346118.05,547560000,0,547580533,84.8093,2.3054,1.4007,-17.9704,
603828.SH,柯利达,20200925,27.1684,27.2613,27.4006,26.1467,26.3789,5164095,29366806,-0.7895,-2.906,5.6867,0.9431,3110140800,,3110257427.44,547560000,0,547580533,82.3447,2.2384,1.36,-17.4482,
603828.SH,柯利达,20200928,26.3789,26.4718,26.6111,25.6822,26.3324,4348356,24375425,-0.0464,-0.1761,5.6057,0.7941,3104665200,,3104781622.11,547560000,0,547580533,82.1997,2.2345,1.3576,-17.4175,
603828.SH,柯利达,20200929,26.3324,25.9145,26.3789,25.2643,25.3107,6869157,38024206,-1.0217,-3.8801,5.5355,1.2545,2984202000,,2984313904.85,547560000,0,547580533,79.0103,2.1478,1.3049,-16.7417,
603828.SH,柯利达,20200930,25.3107,26.0073,26.0073,24.7999,25.0321,5448560,29551825,-0.2787,-1.1009,5.4238,0.9951,2951348400,,2951459072.87,547560000,0,547580533,78.1405,2.1241,1.2905,-16.5574,
603828.SH,柯利达,20201009,25.0321,25.3107,26.2395,25.0321,25.868,9181720,50616955,0.836,3.3395,5.5128,1.6768,3049909200,,3050023568.81,547560000,0,547580533,80.75,2.195,1.3336,-17.1103,
603828.SH,柯利达,20201012,25.868,26.2395,26.8897,25.7287,26.7504,6237985,35457375,0.8824,3.4111,5.6841,1.1392,3153945600,,3154063870.08,547560000,0,547580533,83.5045,2.2699,1.3791,-17.6939,
603828.SH,柯利达,20201013,26.7504,26.9362,26.9826,26.1467,26.286,5055775,28723285,-0.4644,-1.7361,5.6813,0.9233,3099189600,,3099305816.78,547560000,0,547580533,82.0548,2.2305,1.3552,-17.3868,
603828.SH,柯利达,20201014,26.286,26.3789,26.3789,25.3572,25.4965,5617168,30978508,-0.7895,-3.0035,5.515,1.0259,3006104400,,3006217126.17,547560000,0,547580533,79.5902,2.1635,1.3145,-16.8645,
603828.SH,柯利达,20201015,25.4965,25.4965,25.6358,24.8927,24.9856,4401629,23759815,-0.5109,-2.0036,5.398,0.8039,2945872800,,2945983267.54,547560000,0,547580533,77.9955,2.1202,1.2881,-16.5266,
603828.SH,柯利达,20201016,24.9856,24.9856,25.0785,24.5676,24.7999,3543170,18876174,-0.1858,-0.7435,5.3275,0.6471,2923970400,,2924080046.22,547560000,0,547580533,77.4156,2.1044,1.2785,-16.4038,
603828.SH,柯利达,20201019,24.7999,24.8927,25.2643,23.9639,24.3354,5573049,29467038,-0.4644,-1.8727,5.2874,1.0178,2869214400,,2869321992.92,547560000,0,547580533,75.9659,2.065,1.2546,-16.0966,
603828.SH,柯利达,20201020,24.3354,24.3819,25.7751,24.0103,25.6358,9201001,49909960,1.3004,5.3435,5.4244,1.6804,3022531200,,3022644542.16,547560000,0,547580533,80.0251,2.1753,1.3216,-16.9567,
603828.SH,柯利达,20201021,25.6358,25.6822,25.7751,24.5676,25.0321,8128300,43775502,-0.6037,-2.3551,5.3856,1.4845,2951348400,,2951459072.87,547560000,0,547580533,78.1405,2.1241,1.2905,-16.5574,
603828.SH,柯利达,20201022,25.0321,24.6141,24.8463,24.1497,24.289,4823830,25318611,-0.7431,-2.9685,5.2487,0.881,2863738800,,2939681187.59,547560000,0,562080533,75.8209,2.0611,1.2854,-16.4913,
603828.SH,柯利达,20201023,24.289,24.8463,24.8463,23.8246,23.871,4607366,23978497,-0.418,-1.7208,5.2044,0.8414,2814458400,,2889093939.62,547560000,0,562080533,74.5162,2.0256,1.2633,-16.2075,
603828.SH,柯利达,20201026,23.871,24.3819,24.6141,23.8246,24.289,4515841,23553066,0.418,1.751,5.2157,0.8247,2863738800,,2939681187.59,547560000,0,562080533,77.8287,2.1156,1.2854,-16.4913,
603828.SH,柯利达,20201027,24.289,23.9175,24.1961,23.8246,23.9639,2954640,15245101,-0.3251,-1.3384,5.1597,0.5396,2825409600,,2900335550.28,547560000,0,562080533,76.787,2.0873,1.2682,-16.2706,
603828.SH,柯利达,20201028,23.9639,23.9175,23.9639,23.4066,23.6853,3049260,15511968,-0.2787,-1.1628,5.0871,0.5569,2792556000,,2866610718.3,547560000,0,562080533,75.8941,2.063,1.2534,-16.0814,
603828.SH,柯利达,20201029,23.6853,23.3602,24.0568,23.2673,23.9639,3388226,17340039,0.2787,1.1765,5.1177,0.6188,2825409600,,2900335550.28,547560000,0,562080533,76.787,2.0873,1.2682,-16.2706,
603828.SH,柯利达,20201030,23.9639,23.9639,23.9639,22.6635,22.8493,6375380,31788824,-1.1146,-4.6512,4.9862,1.1643,2693995200,,2765436222.36,547560000,0,562080533,76.5255,1.9734,1.2092,-15.5138,
603828.SH,柯利达,20201102,22.8493,23.0815,23.3137,22.292,23.1744,4943100,24149904,0.3251,1.4228,4.8856,0.9028,2732324400,,2804781859.67,547560000,0,562080533,77.6142,2.0015,1.2264,-15.7345,
603828.SH,柯利达,20201103,23.1744,23.3602,23.4995,22.9422,23.2673,3886227,19450368,0.0929,0.4008,5.0049,0.7097,2743275600,,2816023470.33,547560000,0,562080533,77.9253,2.0095,1.2313,-15.7976,
603828.SH,柯利达,20201104,23.2673,23.3602,25.0321,23.0815,24.6605,9708651,50547714,1.3933,5.988,5.2065,1.7731,2907543600,,2984647630.23,547560000,0,562080533,82.5915,2.1298,1.305,-16.7435,
603828.SH,柯利达,20201105,24.6605,24.6605,25.3107,24.6605,24.7534,7222280,38715701,0.0929,0.3766,5.3606,1.319,2918494800,,2995889240.89,547560000,0,562080533,82.9026,2.1379,1.3099,-16.8066,
603828.SH,柯利达,20201106,24.7534,24.8463,24.9392,24.1961,24.8927,8212447,43600203,0.1393,0.5629,5.309,1.4998,2934921600,,3012751656.88,547560000,0,562080533,83.3692,2.1499,1.3173,-16.9012,
603828.SH,柯利达,20201109,24.8927,24.8927,25.3107,24.4748,25.1249,10497503,56302496,0.2322,0.9328,5.3634,1.9171,2962299600,,3040855683.53,547560000,0,562080533,84.1469,2.17,1.3296,-17.0589,
603828.SH,柯利达,20201110,25.1249,24.9392,25.0785,24.289,24.3354,4919267,26040712,-0.7895,-3.1423,5.2936,0.8984,2869214400,,2945301992.92,547560000,0,562080533,81.5027,2.1018,1.2878,-16.5228,
603828.SH,柯利达,20201111,24.3354,24.2426,24.5212,23.9175,24.1497,4119709,21482723,-0.1858,-0.7634,5.2146,0.7524,2847312000,,2922818771.6,547560000,0,562080533,80.8806,2.0857,1.278,-16.3967,
603828.SH,柯利达,20201112,24.1497,24.1497,24.289,23.6853,23.7781,3101800,15991876,-0.3715,-1.5385,5.1557,0.5665,2803507200,,2877852328.96,547560000,0,562080533,79.6362,2.0536,1.2583,-16.1444,
603828.SH,柯利达,20201113,23.7781,23.7781,23.871,23.3137,23.4995,3213011,16303788,-0.2787,-1.1719,5.0743,0.5868,2770653600,,2844127496.98,547560000,0,562080533,78.703,2.0296,1.2436,-15.9552,
603828.SH,柯利达,20201116,23.4995,23.6853,23.9639,23.453,23.5924,3756820,19100440,0.0929,0.3953,5.0842,0.6861,2781604800,,2855369107.64,547560000,0,562080533,79.0141,2.0376,1.2485,-16.0183,
603828.SH,柯利达,20201117,23.5924,23.6853,23.6853,23.0815,23.2673,3215480,16099395,-0.3251,-1.378,5.0068,0.5872,2743275600,,2816023470.33,547560000,0,562080533,77.9253,2.0095,1.2313,-15.7976,
603828.SH,柯利达,20201118,23.2673,23.2208,24.1961,23.0815,23.7781,5629550,28896108,0.5109,2.1956,5.1329,1.0281,2803507200,,2877852328.96,547560000,0,562080533,79.6362,2.0536,1.2583,-16.1444,
603828.SH,柯利达,20201119,23.7781,23.7781,25.4965,23.5459,25.3107,12483887,66123077,1.5326,6.4453,5.2967,2.2799,2984202000,,3063338904.85,547560000,0,562080533,84.7691,2.186,1.3394,-17.185,
603828.SH,柯利达,20201120,25.3107,25.5894,25.5894,24.6605,24.9392,9099986,48845653,-0.3715,-1.4679,5.3677,1.6619,2940397200,,3018372462.21,547560000,0,562080533,83.5247,2.1539,1.3198,-16.9327,
603828.SH,柯利达,20201123,24.9392,25.0321,25.4036,24.5676,24.8927,11417990,61452591,-0.0464,-0.1862,5.3821,2.0852,2934921600,,3012751656.88,547560000,0,562080533,83.3692,2.1499,1.3173,-16.9012,
603828.SH,柯利达,20201124,24.8927,24.7534,26.7968,24.4748,26.4718,24002662,133167545,1.579,6.3433,5.548,4.3836,3121092000,,3203859038.1,547560000,0,562080533,88.6575,2.2863,1.4009,-17.9733,
603828.SH,柯利达,20201125,26.4718,26.1002,26.4253,25.5429,25.8216,16052674,89480620,-0.6502,-2.4561,5.5742,2.9317,3044433600,,3125167763.48,547560000,0,562080533,86.48,2.2301,1.3665,-17.5318,
603828.SH,柯利达,20201126,25.8216,25.6822,25.7751,24.9856,25.3107,7509160,40982495,-0.5109,-1.9784,5.4577,1.3714,2984202000,,3063338904.85,547560000,0,562080533,84.7691,2.186,1.3394,-17.185,
603828.SH,柯利达,20201127,25.3107,25.3572,25.5429,24.9392,25.1249,5528224,29939436,-0.1858,-0.7339,5.4157,1.0096,2962299600,,3040855683.53,547560000,0,562080533,84.1469,2.17,1.3296,-17.0589,
603828.SH,柯利达,20201130,25.1249,25.2643,25.45,24.8463,25.0321,5777046,31217382,-0.0929,-0.3697,5.4037,1.0551,2951348400,,3029614072.87,547560000,0,562080533,83.8358,2.1619,1.3247,-16.9958,
603828.SH,柯利达,20201201,25.0321,24.8927,25.5429,24.707,25.1249,7149413,38588448,0.0929,0.3711,5.3974,1.3057,2962299600,,3040855683.53,547560000,0,562080533,84.1469,2.17,1.3296,-17.0589,
603828.SH,柯利达,20201202,25.1249,25.0785,26.1467,24.6605,25.7751,15873694,87401178,0.6502,2.5878,5.506,2.899,3038958000,,3119546958.15,547560000,0,562080533,86.3244,2.2261,1.364,-17.5003,
603828.SH,柯利达,20201203,25.7751,25.5429,25.6358,24.8927,25.1714,9577362,51842221,-0.6037,-2.3423,5.413,1.7491,2967775200,,3046476488.86,547560000,0,562080533,84.3024,2.174,1.3321,-17.0904,
603828.SH,柯利达,20201204,25.1714,25.0785,25.3572,24.9392,25.1249,4711938,25493502,-0.0464,-0.1845,5.4104,0.8605,2962299600,,3040855683.53,547560000,0,562080533,84.1469,2.17,1.3296,-17.0589,
603828.SH,柯利达,20201207,25.1249,25.2178,25.2178,24.6141,24.6605,5902030,31690171,-0.4644,-1.8484,5.3694,1.0779,2907543600,,2984647630.23,547560000,0,562080533,82.5915,2.1298,1.305,-16.7435,
603828.SH,柯利达,20201208,24.6605,24.9856,25.0785,24.5676,24.707,7255641,38883788,0.0464,0.1883,5.3591,1.3251,2913019200,,2990268435.56,547560000,0,562080533,82.747,2.1339,1.3075,-16.7751,
603828.SH,柯利达,20201209,24.707,24.707,24.9856,23.7781,23.8246,6067056,31793464,-0.8824,-3.5714,5.2403,1.108,2808982800,,2883473134.29,547560000,0,562080533,79.7918,2.0576,1.2608,-16.176,
603828.SH,柯利达,20201210,23.8246,23.8246,24.289,23.6853,23.8246,4493726,23165550,0,0,5.1551,0.8207,2808982800,,2883473134.29,547560000,0,562080533,79.7918,2.0576,1.2608,-16.176,
603828.SH,柯利达,20201211,23.8246,24.0568,24.0568,23.453,23.453,4875385,24825204,-0.3715,-1.5595,5.0919,0.8904,2765178000,,2838506691.65,547560000,0,562080533,78.5475,2.0256,1.2411,-15.9237,
603828.SH,柯利达,20201214,23.453,23.6388,23.6388,23.2208,23.2673,4361301,21972174,-0.1858,-0.7921,5.038,0.7965,2743275600,,2816023470.33,547560000,0,562080533,77.9253,2.0095,1.2313,-15.7976,
603828.SH,柯利达,20201215,23.2673,23.0815,23.6853,23.0351,23.5924,3729711,18696204,0.3251,1.3972,5.0128,0.6812,2781604800,,2855369107.64,547560000,0,562080533,79.0141,2.0376,1.2485,-16.0183,
603828.SH,柯利达,20201216,23.5924,23.5924,23.7781,23.2208,23.6388,3268442,16533189,0.0464,0.1969,5.0584,0.5969,2787080400,,2860989912.97,547560000,0,562080533,79.1696,2.0416,1.251,-16.0498,
603828.SH,柯利达,20201217,23.6388,23.5924,24.1032,23.0351,23.5924,7055469,35819769,-0.0464,-0.1965,5.0769,1.2885,2781604800,,2855369107.64,547560000,0,562080533,79.0141,2.0376,1.2485,-16.0183,
603828.SH,柯利达,20201218,23.5924,23.5924,23.5924,23.128,23.128,3975547,19914109,-0.4644,-1.9685,5.0091,0.726,2726848800,,2799161054.34,547560000,0,562080533,77.4587,1.9975,1.2239,-15.703,
603828.SH,柯利达,20201221,23.128,23.2208,23.2673,22.6635,22.9886,3927697,19437949,-0.1393,-0.6024,4.9489,0.7173,2710422000,,2782298638.35,547560000,0,562080533,76.9921,1.9854,1.2166,-15.6084,
603828.SH,柯利达,20201222,22.9886,22.8493,22.8957,22.4778,22.4778,3617268,17674574,-0.5109,-2.2222,4.8862,0.6606,2650190400,,2720469779.72,547560000,0,562080533,75.2811,1.9413,1.1895,-15.2615,
603828.SH,柯利达,20201223,22.4778,22.5242,22.5242,21.6418,21.7347,5290375,25201207,-0.7431,-3.3058,4.7636,0.9662,2562580800,,2630536894.44,547560000,0,562080533,72.7925,1.8771,1.1502,-14.757,
603828.SH,柯利达,20201224,21.7347,21.874,21.874,20.5737,20.9452,6944944,31338592,-0.7895,-3.6325,4.5124,1.2683,2469495600,,2534983203.83,547560000,0,562080533,70.1483,1.809,1.1084,-14.221,
603828.SH,柯利达,20201225,20.9452,20.8988,21.131,20.6201,20.8059,4467169,20099343,-0.1393,-0.6652,4.4993,0.8158,2453068800,,2518120787.84,547560000,0,562080533,69.6817,1.7969,1.101,-14.1264,
603828.SH,柯利达,20201228,20.8059,20.8988,21.5954,20.5737,20.6201,4190258,18865008,-0.1858,-0.8929,4.5021,0.7653,2431166400,,2495637566.52,547560000,0,562080533,69.0596,1.7809,1.0912,-14.0002,
603828.SH,柯利达,20201229,20.6201,20.713,20.7594,20.3879,20.4343,2851334,12588524,-0.1858,-0.9009,4.415,0.5207,2409264000,,2473154345.2,547560000,0,562080533,68.4374,1.7648,1.0814,-13.8741,
603828.SH,柯利达,20201230,20.4343,20.4343,20.6665,20.1092,20.2021,3023700,13248779,-0.2322,-1.1364,4.3816,0.5522,2381886000,,2445050318.55,547560000,0,562080533,67.6597,1.7448,1.0691,-13.7165,
603828.SH,柯利达,20201231,20.2021,20.0628,20.4343,20.0628,20.2486,3850488,16804047,0.0464,0.2299,4.3641,0.7032,2387361600,,2661606288.88,547560000,0,610460158,67.8152,1.7488,1.1638,-14.9313,
603828.SH,柯利达,20210104,20.2486,20.0628,20.713,20.0628,20.3415,2848176,12469803,0.0929,0.4587,4.3782,0.5202,2398312800,,2673815492.04,547560000,0,610460158,68.1263,1.7568,1.0063,7.4312,
603828.SH,柯利达,20210105,20.3415,20.9452,21.0381,20.3415,20.6665,4173116,18418442,0.3251,1.5982,4.4136,0.7621,2436642000,,2716547703.1,547560000,0,610460158,75.1726,1.9385,1.0224,7.55,
603828.SH,柯利达,20210106,20.6665,20.3879,20.8523,20.3879,20.3879,3091285,13671298,-0.2787,-1.3483,4.4225,0.5646,2403788400,,2679920093.62,547560000,0,610460158,74.159,1.9124,1.0086,7.4482,
603828.SH,柯利达,20210107,20.3879,20.3879,20.4808,19.2733,19.9699,5128142,21917662,-0.418,-2.0501,4.274,0.9365,2354508000,,2624978679.4,547560000,0,610460158,72.6387,1.8732,0.9879,7.2955,
603828.SH,柯利达,20210108,19.9699,20.1092,20.1092,19.4126,19.5055,3035290,12870880,-0.4644,-2.3256,4.2404,0.5543,2299752000,,2563932663.6,547560000,0,610460158,70.9494,1.8296,0.965,7.1258,
603828.SH,柯利达,20210111,19.5055,19.4591,19.4591,18.6231,18.8089,5168735,20956570,-0.6966,-3.5714,4.0545,0.944,2217618000,,2472363639.9,547560000,0,610460158,68.4155,1.7643,0.9305,6.8713,
603828.SH,柯利达,20210112,18.8089,18.9018,19.3197,18.7624,18.8553,2672895,10916502,0.0464,0.2469,4.0841,0.4881,2223093600,,2478468241.48,547560000,0,610460158,68.5844,1.7686,0.9328,6.8883,
603828.SH,柯利达,20210113,18.8553,18.9018,18.9482,18.3445,18.4838,3306390,13187231,-0.3715,-1.9704,3.9884,0.6038,2179288800,,2429631428.84,547560000,0,610460158,67.233,1.7338,0.9144,6.7526,
603828.SH,柯利达,20210114,18.4838,18.6231,18.716,18.1123,18.5767,4550651,17987299,0.0929,0.5025,3.9527,0.8311,2190240000,,2441840632,547560000,0,610460158,67.5709,1.7425,0.919,6.7865,
603828.SH,柯利达,20210115,18.5767,18.7624,19.7842,18.716,19.3197,5456202,22754480,0.7431,4,4.1704,0.9965,2277849600,,2539514257.28,547560000,0,610460158,70.2737,1.8122,0.9558,7.0579,
603828.SH,柯利达,20210118,19.3197,19.1804,20.5737,19.134,19.6913,4082753,17206297,0.3715,1.9231,4.2144,0.7456,2321654400,,2588351069.92,547560000,0,610460158,71.6251,1.847,0.9742,7.1937,
603828.SH,柯利达,20210119,19.6913,19.5519,21.6418,19.3662,21.6418,12696630,57358077,1.9506,9.9057,4.5176,2.3188,2551629600,,2844744336.28,547560000,0,610460158,78.7201,2.03,1.0707,7.9063,
603828.SH,柯利达,20210120,21.6418,22.1062,22.6171,20.4808,20.8988,13443765,61489093,-0.7431,-3.4335,4.5738,2.4552,2464020000,,2747070711,547560000,0,610460158,76.0172,1.9603,1.0339,7.6348,
603828.SH,柯利达,20210121,20.8988,20.8523,21.1774,20.2021,20.6665,7833889,34598637,-0.2322,-1.1111,4.4165,1.4307,2436642000,,2716547703.1,547560000,0,610460158,75.1726,1.9385,1.0224,7.55,
603828.SH,柯利达,20210122,20.6665,20.4808,20.4808,19.7377,19.7842,7368221,31707684,-0.8824,-4.2697,4.3033,1.3456,2332605600,,2600560273.08,547560000,0,610460158,71.963,1.8558,0.9788,7.2276,
603828.SH,柯利达,20210125,19.7842,19.6913,21.7811,19.3662,21.4561,13963806,63173594,1.6719,8.4507,4.5241,2.5502,2529727200,,2820325929.96,547560000,0,610460158,78.0444,2.0126,1.0615,7.8384,
603828.SH,柯利达,20210126,21.4561,20.1557,21.2238,20.0164,20.295,10519267,46668663,-1.161,-5.4113,4.4365,1.9211,2392837200,,2667710890.46,547560000,0,610460158,73.8212,1.9037,1.004,7.4142,
603828.SH,柯利达,20210127,20.295,20.8988,20.8988,20.0628,20.2486,4412547,19431647,-0.0464,-0.2288,4.4037,0.8059,2387361600,,2661606288.88,547560000,0,610460158,73.6523,1.8993,1.0017,7.3973,
603828.SH,柯利达,20210128,20.2486,20.3879,20.3879,19.4591,20.0628,3867958,16646988,-0.1858,-0.9174,4.3038,0.7064,2365459200,,2637187882.56,547560000,0,610460158,72.9766,1.8819,0.9925,7.3294,
603828.SH,柯利达,20210129,20.0628,19.877,20.3415,19.3662,19.6913,3968200,16819830,-0.3715,-1.8519,4.2387,0.7247,2321654400,,2588351069.92,547560000,0,610460158,71.6251,1.847,0.9742,7.1937,
603828.SH,柯利达,20210201,19.6913,19.877,20.1092,19.3662,19.6448,2831236,11947678,-0.0464,-0.2358,4.22,0.5171,2316178800,,2582246468.34,547560000,0,610460158,71.4562,1.8427,0.9719,7.1767,
603828.SH,柯利达,20210202,19.6448,19.8306,21.0845,19.5055,20.3415,3651702,15929723,0.6966,3.5461,4.3623,0.6669,2398312800,,2673815492.04,547560000,0,610460158,73.9901,1.908,1.0063,7.4312,
603828.SH,柯利达,20210203,20.3415,20.5737,20.8988,19.8306,20.0628,3044296,13256427,-0.2787,-1.3699,4.3545,0.556,2365459200,,2637187882.56,547560000,0,610460158,72.9766,1.8819,0.9925,7.3294,
603828.SH,柯利达,20210204,20.0628,20.1557,20.1557,19.3197,19.3662,2684516,11275036,-0.6966,-3.4722,4.2,0.4903,2283325200,,2545618858.86,547560000,0,610460158,70.4426,1.8166,0.9581,7.0749,
603828.SH,柯利达,20210205,19.3662,19.5519,19.6448,18.9946,19.0411,2705135,11252050,-0.3251,-1.6787,4.1595,0.494,2244996000,,2502886647.8,547560000,0,610460158,69.2602,1.7861,0.942,6.9561,
603828.SH,柯利达,20210208,19.0411,19.4126,19.4126,18.8089,18.9946,2034469,8324740,-0.0464,-0.2439,4.0918,0.3716,2239520400,,2496782046.22,547560000,0,610460158,69.0912,1.7817,0.9397,6.9392,
603828.SH,柯利达,20210209,18.9946,18.9946,19.134,18.8089,19.0411,1711459,6992786,0.0464,0.2445,4.0859,0.3126,2244996000,,2502886647.8,547560000,0,610460158,69.2602,1.7861,0.942,6.9561,
603828.SH,柯利达,20210210,19.0411,18.9946,19.1804,18.8553,19.0411,1508688,6169185,0,0,4.0891,0.2755,2244996000,,2502886647.8,547560000,0,610460158,69.2602,1.7861,0.942,6.9561,
603828.SH,柯利达,20210218,19.0411,19.0875,19.6913,19.0875,19.5055,2275829,9518377,0.4644,2.439,4.1824,0.4156,2299752000,,2563932663.6,547560000,0,610460158,70.9494,1.8296,0.965,7.1258,
603828.SH,柯利达,20210219,19.5055,19.4126,20.2021,19.4126,20.1557,3268780,14007101,0.6502,3.3333,4.2851,0.597,2376410400,,2649397085.72,547560000,0,610460158,73.3144,1.8906,0.9971,7.3633,
603828.SH,柯利达,20210222,20.1557,20.1557,20.9916,20.1557,20.3415,3854029,17024170,0.1858,0.9217,4.4172,0.7039,2398312800,,2673815492.04,547560000,0,610460158,73.9901,1.908,1.0063,7.4312,
603828.SH,柯利达,20210223,20.3415,20.3879,20.6201,19.877,20.0164,3109580,13442431,-0.3251,-1.5982,4.3229,0.5679,2359983600,,2631083280.98,547560000,0,610460158,72.8076,1.8775,0.9902,7.3124,
603828.SH,柯利达,20210224,20.0164,20.0164,20.3415,20.0164,20.1557,2789866,12138882,0.1393,0.6961,4.3511,0.5095,2376410400,,2649397085.72,547560000,0,610460158,73.3144,1.8906,0.9971,7.3633,
603828.SH,柯利达,20210225,20.1557,20.2486,20.8988,19.877,20.4808,4136292,18156908,0.3251,1.6129,4.3897,0.7554,2414739600,,2692129296.78,547560000,0,610460158,74.4969,1.9211,1.0132,7.4821,
603828.SH,柯利达,20210226,20.4808,20.295,20.7594,19.9699,20.6201,3544446,15675725,0.1393,0.6803,4.4226,0.6473,2431166400,,2710443101.52,547560000,0,610460158,75.0037,1.9342,1.0201,7.533,
603828.SH,柯利达,20210301,20.6201,20.6665,20.9916,20.4343,20.7594,3418751,15223286,0.1393,0.6757,4.4529,0.6244,2447593200,,2728756906.26,547560000,0,610460158,75.5105,1.9472,1.027,7.5839,
603828.SH,柯利达,20210302,20.7594,20.7594,20.8523,20.3415,20.5272,2698367,11963529,-0.2322,-1.1186,4.4336,0.4928,2420215200,,2698233898.36,547560000,0,610460158,74.6658,1.9255,1.0155,7.4991,
603828.SH,柯利达,20210303,20.5272,20.3415,20.6665,20.3415,20.5272,1743058,7711549,0,0,4.4241,0.3183,2420215200,,2698233898.36,547560000,0,610460158,74.6658,1.9255,1.0155,7.4991,
603828.SH,柯利达,20210304,20.5272,20.4343,20.6665,20.3415,20.5737,2478146,10949857,0.0464,0.2262,4.4186,0.4526,2425690800,,2704338499.94,547560000,0,610460158,74.8348,1.9298,1.0178,7.516,
603828.SH,柯利达,20210305,20.5737,20.5272,20.8988,20.4343,20.6665,2954292,13145778,0.0929,0.4515,4.4497,0.5395,2436642000,,2716547703.1,547560000,0,610460158,75.1726,1.9385,1.0224,7.55,
603828.SH,柯利达,20210308,20.6665,20.6201,22.7564,20.5737,22.7564,27977081,134704251,2.0899,10.1124,4.8148,5.1094,2683044000,,2991254774.2,547560000,0,610460158,82.7743,2.1346,1.1258,8.3134,
603828.SH,柯利达,20210309,22.7564,22.7564,22.8029,21.3167,22.1062,23662449,111809927,-0.6502,-2.8571,4.7252,4.3214,2606385600,,2905790352.08,547560000,0,610460158,80.4093,2.0736,1.0936,8.0759,
603828.SH,柯利达,20210310,22.1062,22.1527,22.4778,21.0845,21.5954,13544683,62720683,-0.5109,-2.3109,4.6306,2.4736,2546154000,,2838639734.7,547560000,0,610460158,78.5511,2.0257,1.0684,7.8893,
603828.SH,柯利达,20210311,21.5954,21.5025,21.9669,21.0845,21.7811,10319033,47923546,0.1858,0.8602,4.6442,1.8845,2568056400,,2863058141.02,547560000,0,610460158,79.2269,2.0431,1.0776,7.9572,
603828.SH,柯利达,20210312,21.7811,21.5025,21.6418,21.131,21.2703,7023130,32217336,-0.5109,-2.3454,4.5873,1.2826,2507824800,,2795907523.64,547560000,0,610460158,77.3687,1.9952,1.0523,7.7705,
603828.SH,柯利达,20210315,21.2703,21.2703,21.874,20.8988,21.2703,5717390,26178341,0,0,4.5787,1.0442,2507824800,,2795907523.64,547560000,0,610460158,77.3687,1.9952,1.0523,7.7705,
603828.SH,柯利达,20210316,21.2703,21.1774,21.9205,21.0381,21.6883,7141218,33102803,0.418,1.9651,4.6355,1.3042,2557105200,,2850848937.86,547560000,0,610460158,78.889,2.0344,1.073,7.9232,
603828.SH,柯利达,20210317,21.6883,21.6418,21.6418,21.0845,21.2238,5674012,25982447,-0.4644,-2.1413,4.5792,1.0362,2502349200,,2789802922.06,547560000,0,610460158,77.1997,1.9908,1.05,7.7536,
603828.SH,柯利达,20210318,21.2238,21.2703,21.4096,20.8988,21.3632,5103300,23246072,0.1393,0.6565,4.5551,0.932,2518776000,,2808116726.8,547560000,0,610460158,77.7065,2.0039,1.0569,7.8045,
603828.SH,柯利达,20210319,21.3632,21.0381,21.4096,20.8988,20.9452,3959300,18001622,-0.418,-1.9565,4.5467,0.7231,2469495600,,2753175312.58,547560000,0,610460158,76.1862,1.9647,1.0362,7.6518,
603828.SH,柯利达,20210322,20.9452,20.7594,21.131,20.7594,20.8988,5722335,25758879,-0.0464,-0.2217,4.5015,1.0451,2464020000,,2747070711,547560000,0,610460158,76.0172,1.9603,1.0339,7.6348,
603828.SH,柯利达,20210323,20.8988,20.8988,20.9916,20.0164,20.1092,6363517,27928732,-0.7895,-3.7778,4.3889,1.1622,2370934800,,2643292484.14,547560000,0,610460158,73.1455,1.8863,0.9948,7.3464,
603828.SH,柯利达,20210324,20.1092,20.1092,20.1557,19.7842,19.877,2939363,12634398,-0.2322,-1.1547,4.2983,0.5368,2343556800,,2612769476.24,547560000,0,610460158,72.3008,1.8645,0.9834,7.2615,
603828.SH,柯利达,20210325,19.877,19.7377,20.2021,19.7377,20.0628,2709903,11646304,0.1858,0.9346,4.2977,0.4949,2365459200,,2637187882.56,547560000,0,610460158,72.9766,1.8819,0.9925,7.3294,
603828.SH,柯利达,20210326,20.0628,20.0164,20.2486,19.877,20.2486,2357542,10196361,0.1858,0.9259,4.325,0.4306,2387361600,,2661606288.88,547560000,0,610460158,73.6523,1.8993,1.0017,7.3973,
603828.SH,柯利达,20210329,20.2486,20.3879,20.5272,20.1557,20.2486,2690507,11753638,0,0,4.3686,0.4914,2387361600,,2661606288.88,547560000,0,610460158,73.6523,1.8993,1.0017,7.3973,
603828.SH,柯利达,20210330,20.2486,20.2486,20.2486,19.7842,19.877,2609301,11188417,-0.3715,-1.8349,4.2879,0.4765,2343556800,,2612769476.24,547560000,0,610460158,72.3008,1.8645,0.9834,7.2615,
603828.SH,柯利达,20210331,19.877,19.8306,20.1092,19.6913,19.9699,1991419,8555957,0.0929,0.4673,4.2964,0.3637,2354508000,,2624978679.4,547560000,0,610460158,72.6387,1.8732,0.9879,7.2955,
603828.SH,柯利达,20210401,19.9699,20.0164,20.0164,19.8306,19.9235,1682354,7207148,-0.0464,-0.2326,4.284,0.3072,2349032400,,2618874077.82,547560000,0,610460158,72.4698,1.8688,0.9856,7.2785,
603828.SH,柯利达,20210402,19.9235,19.7842,20.0164,19.7377,19.9235,2365839,10120277,0,0,4.2777,0.4321,2349032400,,2618874077.82,547560000,0,610460158,72.4698,1.8688,0.9856,7.2785,
603828.SH,柯利达,20210406,19.9235,19.877,20.0628,19.7377,20.0628,2218975,9521470,0.1393,0.6993,4.2909,0.4052,2365459200,,2637187882.56,547560000,0,610460158,72.9766,1.8819,0.9925,7.3294,
603828.SH,柯利达,20210407,20.0628,20.0164,20.4343,19.9699,20.295,3128324,13621106,0.2322,1.1574,4.3541,0.5713,2392837200,,2667710890.46,547560000,0,610460158,73.8212,1.9037,1.004,7.4142,
603828.SH,柯利达,20210408,20.295,20.3415,20.3415,19.9235,19.9235,3068063,13265792,-0.3715,-1.8307,4.3238,0.5603,2349032400,,2618874077.82,547560000,0,610460158,72.4698,1.8688,0.9856,7.2785,
603828.SH,柯利达,20210409,19.9235,19.877,19.9699,19.7377,19.877,2492039,10645804,-0.0464,-0.2331,4.2719,0.4551,2343556800,,2612769476.24,547560000,0,610460158,72.3008,1.8645,0.9834,7.2615,
603828.SH,柯利达,20210412,19.877,19.9235,20.2021,19.7842,19.877,2448723,10517556,0,0,4.2951,0.4472,2343556800,,2612769476.24,547560000,0,610460158,72.3008,1.8645,0.9834,7.2615,
603828.SH,柯利达,20210413,19.877,20.1092,20.1092,19.6448,19.7842,2133882,9079546,-0.0929,-0.4673,4.2549,0.3897,2332605600,,2600560273.08,547560000,0,610460158,71.963,1.8558,0.9788,7.2276,
603828.SH,柯利达,20210414,19.7842,19.7842,20.1092,19.5984,20.0164,2085942,8940898,0.2322,1.1737,4.2863,0.381,2359983600,,2631083280.98,547560000,0,610460158,72.8076,1.8775,0.9902,7.3124,
603828.SH,柯利达,20210415,20.0164,20.0164,20.1092,19.7842,19.9235,1449800,6224915,-0.0929,-0.464,4.2936,0.2648,2349032400,,2618874077.82,547560000,0,610460158,72.4698,1.8688,0.9856,7.2785,
603828.SH,柯利达,20210416,19.9235,19.9235,20.295,19.9235,20.2486,2913985,12666363,0.3251,1.6317,4.3467,0.5322,2387361600,,2661606288.88,547560000,0,610460158,73.6523,1.8993,1.0017,7.3973,
603828.SH,柯利达,20210419,20.2486,20.1557,20.4808,20.1557,20.4343,2931649,12883799,0.1858,0.9174,4.3947,0.5354,2409264000,,2686024695.2,547560000,0,610460158,74.328,1.9167,1.0109,7.4651,
603828.SH,柯利达,20210420,20.4343,20.4343,20.4808,20.1557,20.1557,2147380,9385877,-0.2787,-1.3636,4.3709,0.3922,2376410400,,2649397085.72,547560000,0,610460158,73.3144,1.8906,0.9971,7.3633,
603828.SH,柯利达,20210421,20.1557,20.1557,20.2486,19.9699,20.2021,1938823,8400748,0.0464,0.2304,4.3329,0.3541,2381886000,,2655501687.3,547560000,0,610460158,73.4833,1.895,0.9994,7.3803,
603828.SH,柯利达,20210422,20.2021,20.3879,21.131,20.1092,20.8988,7888593,35270734,0.6966,3.4483,4.4711,1.4407,2464020000,,2747070711,547560000,0,610460158,76.0172,1.9603,1.0339,7.6348,
603828.SH,柯利达,20210423,20.8988,20.8988,21.0381,20.4343,20.713,3626854,16199589,-0.1858,-0.8889,4.4666,0.6624,2442117600,,2722652304.68,547560000,0,610460158,75.3415,1.9429,1.0247,7.5669,
603828.SH,柯利达,20210426,20.713,20.713,20.9452,20.5737,20.7594,2537763,11377723,0.0464,0.2242,4.4834,0.4635,2447593200,,2728756906.26,547560000,0,610460158,75.5105,1.9472,1.027,7.5839,
603828.SH,柯利达,20210427,20.7594,20.7594,21.0845,20.3415,20.7594,2994607,13371615,0,0,4.4652,0.5469,2447593200,,2728756906.26,547560000,0,610460158,75.5105,1.9472,1.027,7.5839,
603828.SH,柯利达,20210428,20.7594,20.3415,20.8059,19.5519,20.3879,3892767,16942271,-0.3715,-1.7897,4.3522,0.7109,2403788400,,2679920093.62,547560000,0,610460158,140.2594,1.6824,1.0086,7.4482,
603828.SH,柯利达,20210429,20.3879,20.2486,20.5272,20.2021,20.2486,1656244,7249296,-0.1393,-0.6834,4.3769,0.3025,2387361600,,2661606288.88,547560000,0,610460158,123.8554,1.6416,1.0017,7.3973,
603828.SH,柯利达,20210430,20.2486,20.295,20.4343,19.7377,19.7377,2022724,8647946,-0.5109,-2.5229,4.2754,0.3694,2327130000,,2594455671.5,547560000,0,610460158,120.7306,1.6002,0.9765,7.2106,
603828.SH,柯利达,20210506,19.7377,20.0164,20.0164,19.5055,19.5519,1951332,8251046,-0.1858,-0.9412,4.2284,0.3564,2305227600,,2570037265.18,547560000,0,610460158,119.5943,1.5851,0.9673,7.1428,
603828.SH,柯利达,20210507,19.5519,19.5519,19.6448,19.2269,19.4126,2179387,9102098,-0.1393,-0.7126,4.1764,0.398,2288800800,,2551723460.44,547560000,0,610460158,118.7421,1.5738,0.9604,7.0919,
603828.SH,柯利达,20210510,19.4126,19.4126,19.5055,19.2733,19.4591,2181907,9103263,0.0464,0.2392,4.1722,0.3985,2294276400,,2557828062.02,547560000,0,610460158,119.0261,1.5776,0.9627,7.1088,
603828.SH,柯利达,20210511,19.4591,19.4591,19.6913,19.3197,19.5984,2136075,8968824,0.1393,0.716,4.1987,0.3901,2310703200,,2576141866.76,547560000,0,610460158,119.8783,1.5889,0.9696,7.1597,
603828.SH,柯利达,20210512,19.5984,19.5984,19.7842,19.4126,19.7842,1458479,6175602,0.1858,0.9479,4.2343,0.2664,2332605600,,2600560273.08,547560000,0,610460158,121.0146,1.604,0.9788,7.2276,
603828.SH,柯利达,20210513,19.7842,19.6913,19.7842,19.4126,19.5519,1555800,6576279,-0.2322,-1.1737,4.2269,0.2841,2305227600,,2570037265.18,547560000,0,610460158,119.5943,1.5851,0.9673,7.1428,
603828.SH,柯利达,20210514,19.5519,19.5519,19.877,19.5055,19.8306,2141728,9090790,0.2787,1.4252,4.2446,0.3911,2338081200,,2606664874.66,547560000,0,610460158,121.2987,1.6077,0.9811,7.2446,
603828.SH,柯利达,20210517,19.8306,19.7842,19.7842,19.5055,19.6448,2181073,9215676,-0.1858,-0.9368,4.2253,0.3983,2316178800,,2582246468.34,547560000,0,610460158,120.1624,1.5927,0.9719,7.1767,
603828.SH,柯利达,20210518,19.6448,19.6448,19.6913,19.3197,19.5055,2071755,8673203,-0.1393,-0.7092,4.1864,0.3784,2299752000,,2563932663.6,547560000,0,610460158,119.3102,1.5814,0.965,7.1258,
603828.SH,柯利达,20210519,19.5055,19.4591,19.4591,19.2269,19.4126,1624308,6766948,-0.0929,-0.4762,4.166,0.2966,2288800800,,2551723460.44,547560000,0,610460158,118.7421,1.5738,0.9604,7.0919,
603828.SH,柯利达,20210520,19.4126,19.4126,19.5519,19.2733,19.3662,1719600,7171016,-0.0464,-0.2392,4.1702,0.314,2283325200,,2545618858.86,547560000,0,610460158,118.458,1.5701,0.9581,7.0749,
603828.SH,柯利达,20210521,19.3662,19.4126,19.5055,19.2269,19.3197,1513978,6312053,-0.0464,-0.2398,4.1692,0.2765,2277849600,,2539514257.28,547560000,0,610460158,118.1739,1.5663,0.9558,7.0579,
603828.SH,柯利达,20210524,19.3197,19.3197,19.3662,19.134,19.3662,1444394,6006203,0.0464,0.2404,4.1583,0.2638,2283325200,,2545618858.86,547560000,0,610460158,118.458,1.5701,0.9581,7.0749,
603828.SH,柯利达,20210525,19.3662,19.3662,19.5519,19.2269,19.5055,2119191,8836504,0.1393,0.7194,4.1698,0.387,2299752000,,2563932663.6,547560000,0,610460158,119.3102,1.5814,0.965,7.1258,
603828.SH,柯利达,20210526,19.5055,19.5055,19.6448,19.4126,19.5055,2427372,10198281,0,0,4.2014,0.4433,2299752000,,2563932663.6,547560000,0,610460158,119.3102,1.5814,0.965,7.1258,
603828.SH,柯利达,20210527,19.5055,19.5055,19.6913,19.4591,19.6448,2134615,9016033,0.1393,0.7143,4.2237,0.3898,2316178800,,2582246468.34,547560000,0,610460158,120.1624,1.5927,0.9719,7.1767,
603828.SH,柯利达,20210528,19.6448,19.6448,19.6913,19.4126,19.4126,1974385,8289345,-0.2322,-1.182,4.1984,0.3606,2288800800,,2551723460.44,547560000,0,610460158,118.7421,1.5738,0.9604,7.0919,
603828.SH,柯利达,20210531,19.4126,19.4126,19.5055,19.3197,19.4591,2998271,12512805,0.0464,0.2392,4.1733,0.5476,2294276400,,2557828062.02,547560000,0,610460158,119.0261,1.5776,0.9627,7.1088,
603828.SH,柯利达,20210601,19.4591,19.5055,19.5984,19.4126,19.5055,2200903,9234948,0.0464,0.2387,4.196,0.4019,2299752000,,2563932663.6,547560000,0,610460158,119.3102,1.5814,0.965,7.1258,
603828.SH,柯利达,20210602,19.5055,19.5984,20.1557,19.5984,19.7842,4969175,21237873,0.2787,1.4286,4.2739,0.9075,2332605600,,2600560273.08,547560000,0,610460158,121.0146,1.604,0.9788,7.2276,
603828.SH,柯利达,20210603,19.7842,19.877,20.0628,19.6448,19.9235,3241585,13866138,0.1393,0.7042,4.2776,0.592,2349032400,,2618874077.82,547560000,0,610460158,121.8668,1.6152,0.9856,7.2785,
603828.SH,柯利达,20210604,19.9235,19.9235,19.9235,19.5984,19.7377,2313612,9833809,-0.1858,-0.9324,4.2504,0.4225,2327130000,,2594455671.5,547560000,0,610460158,120.7306,1.6002,0.9765,7.2106,
603828.SH,柯利达,20210607,19.7377,19.7842,19.7842,19.5984,19.6448,2065233,8743431,-0.0929,-0.4706,4.2336,0.3772,2316178800,,2582246468.34,547560000,0,610460158,120.1624,1.5927,0.9719,7.1767,
603828.SH,柯利达,20210608,19.6448,19.6448,19.7842,19.5055,19.7377,2335131,9866528,0.0929,0.4728,4.2253,0.4265,2327130000,,2594455671.5,547560000,0,610460158,120.7306,1.6002,0.9765,7.2106,
603828.SH,柯利达,20210609,19.7377,19.6913,19.7842,19.5055,19.5519,2152015,9075966,-0.1858,-0.9412,4.2174,0.393,2305227600,,2570037265.18,547560000,0,610460158,119.5943,1.5851,0.9673,7.1428,
603828.SH,柯利达,20210610,19.5519,19.5519,19.5519,19.2733,19.3197,3875972,16160092,-0.2322,-1.1876,4.1693,0.7079,2277849600,,2539514257.28,547560000,0,610460158,118.1739,1.5663,0.9558,7.0579,
603828.SH,柯利达,20210611,19.3197,19.3197,19.5055,19.2733,19.2733,2896172,12075048,-0.0464,-0.2404,4.1693,0.5289,2272374000,,2533409655.7,547560000,0,610460158,117.8898,1.5625,0.9535,7.041,
603828.SH,柯利达,20210615,19.2733,19.3662,19.3662,19.1804,19.2269,2114353,8763854,-0.0464,-0.241,4.1449,0.3861,2266898400,,2527305054.12,547560000,0,610460158,117.6058,1.5588,0.9512,7.024,
603828.SH,柯利达,20210616,19.2269,19.0875,19.2269,18.9018,19.0411,1783686,7329254,-0.1858,-0.9662,4.109,0.3258,2244996000,,2502886647.8,547560000,0,610460158,116.4695,1.5437,0.942,6.9561,
603828.SH,柯利达,20210617,19.0411,18.9482,19.4126,18.9018,19.3662,2099082,8658645,0.3251,1.7073,4.125,0.3834,2283325200,,2545618858.86,547560000,0,610460158,118.458,1.5701,0.9581,7.0749,
603828.SH,柯利达,20210618,19.3662,19.2733,19.3662,18.9946,19.1804,2256810,9328698,-0.1858,-0.9592,4.1336,0.4122,2261422800,,2521200452.54,547560000,0,610460158,117.3217,1.555,0.9489,7.007,
603828.SH,柯利达,20210621,19.1804,19.1804,19.2269,18.9018,19.0875,1458009,5993322,-0.0929,-0.4843,4.1106,0.2663,2250471600,,2508991249.38,547560000,0,610460158,116.7536,1.5475,0.9443,6.9731,
603828.SH,柯利达,20210622,19.0875,19.0875,19.2733,19.0411,19.2269,1837486,7591861,0.1393,0.7299,4.1317,0.3356,2266898400,,2527305054.12,547560000,0,610460158,117.6058,1.5588,0.9512,7.024,
603828.SH,柯利达,20210623,19.2269,19.2269,19.2269,18.9482,19.134,1689676,6948959,-0.0929,-0.4831,4.1126,0.3086,2255947200,,2515095850.96,547560000,0,610460158,117.0376,1.5512,0.9466,6.9901,
603828.SH,柯利达,20210624,19.134,19.4126,21.0381,19.2269,20.2021,13117415,56940917,1.0682,5.5825,4.3409,2.3956,2381886000,,2655501687.3,547560000,0,610460158,123.5713,1.6378,0.9994,7.3803,
603828.SH,柯利达,20210625,20.2021,19.9699,20.0628,19.5055,19.6448,7874475,33423122,-0.5573,-2.7586,4.2445,1.4381,2316178800,,2582246468.34,547560000,0,610460158,120.1624,1.5927,0.9719,7.1767,
603828.SH,柯利达,20210628,19.6448,19.5055,19.7377,19.3197,19.3197,3671262,15377907,-0.3251,-1.6548,4.1887,0.6705,2277849600,,2539514257.28,547560000,0,610460158,118.1739,1.5663,0.9558,7.0579,
603828.SH,柯利达,20210629,19.3197,19.2733,19.5055,19.0875,19.134,3644100,15105207,-0.1858,-0.9615,4.1451,0.6655,2255947200,,2515095850.96,547560000,0,610460158,117.0376,1.5512,0.9466,6.9901,
603828.SH,柯利达,20210630,19.134,19.0411,19.2733,19.0411,19.1804,1947300,8027255,0.0464,0.2427,4.1222,0.3556,2261422800,,2521200452.54,547560000,0,610460158,117.3217,1.555,0.9489,7.007,
603828.SH,柯利达,20210701,19.1804,19.134,19.1804,18.9482,18.9946,3129035,12823182,-0.1858,-0.9685,4.0981,0.5251,2437393066.25,,2496782046.22,595939625,0,610460158,116.1854,1.5399,0.9397,6.9392,
603828.SH,柯利达,20210702,18.9946,18.9018,18.9018,18.716,18.8089,1856599,7531432,-0.1858,-0.978,4.0566,0.3115,2413555481.25,,2472363639.9,595939625,0,610460158,115.0491,1.5249,0.9305,6.8713,
603828.SH,柯利达,20210705,18.8089,18.8089,19.0411,18.8089,19.0411,1172062,4776639,0.2322,1.2346,4.0754,0.1967,2443352462.5,,2502886647.8,595939625,0,610460158,116.4695,1.5437,0.942,6.9561,
603828.SH,柯利达,20210706,19.0411,19.0411,19.0875,18.9482,18.9946,1291371,5282031,-0.0464,-0.2439,4.0903,0.2167,2437393066.25,,2496782046.22,595939625,0,610460158,116.1854,1.5399,0.9397,6.9392,
603828.SH,柯利达,20210707,18.9946,18.9946,19.134,18.8553,19.0875,1308531,5344416,0.0929,0.489,4.0843,0.2196,2449311858.75,,2508991249.38,595939625,0,610460158,116.7536,1.5475,0.9443,6.9731,
603828.SH,柯利达,20210708,19.0875,19.1804,19.1804,18.8553,18.9018,2014530,8216622,-0.1858,-0.9732,4.0787,0.338,2425474273.75,,2484572843.06,595939625,0,610460158,115.6173,1.5324,0.9351,6.9052,
603828.SH,柯利达,20210709,18.9018,18.8089,19.5055,18.8089,19.3662,3643216,15035495,0.4644,2.457,4.127,0.6113,2485068236.25,,2545618858.86,595939625,0,610460158,118.458,1.5701,0.9581,7.0749,
603828.SH,柯利达,20210712,19.3662,19.3197,19.4591,19.134,19.1804,2775767,11485711,-0.1858,-0.9592,4.1379,0.4658,2461230651.25,,2521200452.54,595939625,0,610460158,117.3217,1.555,0.9489,7.007,
603828.SH,柯利达,20210713,19.1804,19.1804,19.2733,19.0411,19.2269,1597224,6596721,0.0464,0.2421,4.1301,0.268,2467190047.5,,2527305054.12,595939625,0,610460158,117.6058,1.5588,0.9512,7.024,
603828.SH,柯利达,20210714,19.2269,19.2269,19.3197,19.134,19.2733,1544543,6394076,0.0464,0.2415,4.1398,0.2592,2473149443.75,,2533409655.7,595939625,0,610460158,117.8898,1.5625,0.9535,7.041,
603828.SH,柯利达,20210715,19.2733,19.2733,19.3662,19.0875,19.2269,2011130,8324840,-0.0464,-0.241,4.1394,0.3375,2467190047.5,,2527305054.12,595939625,0,610460158,117.6058,1.5588,0.9512,7.024,
603828.SH,柯利达,20210716,19.2269,19.1804,19.1804,18.9482,18.9482,2076208,8503020,-0.2787,-1.4493,4.0955,0.3484,2431433670,,2490677444.64,595939625,0,610460158,115.9013,1.5362,0.9374,6.9222,
603828.SH,柯利达,20210719,18.9482,18.9946,19.0875,18.7624,18.9018,1568500,6380629,-0.0464,-0.2451,4.068,0.2632,2425474273.75,,2484572843.06,595939625,0,610460158,115.6173,1.5324,0.9351,6.9052,
603828.SH,柯利达,20210720,18.9018,18.7624,19.2733,18.7624,19.0875,2008978,8253811,0.1858,0.9828,4.1085,0.3371,2449311858.75,,2508991249.38,595939625,0,610460158,116.7536,1.5475,0.9443,6.9731,
603828.SH,柯利达,20210721,19.0875,19.0411,19.1804,18.9018,19.0875,1966624,8076175,0,0,4.1066,0.33,2449311858.75,,2508991249.38,595939625,0,610460158,116.7536,1.5475,0.9443,6.9731,
603828.SH,柯利达,20210722,19.0875,19.0411,19.134,18.8553,18.9482,1811212,7387637,-0.1393,-0.7299,4.0788,0.3039,2431433670,,2490677444.64,595939625,0,610460158,115.9013,1.5362,0.9374,6.9222,
603828.SH,柯利达,20210723,18.9482,18.9482,18.9946,18.6231,18.716,2413843,9737910,-0.2322,-1.2255,4.0342,0.405,2401636688.75,,2460154436.74,595939625,0,610460158,114.481,1.5174,0.9259,6.8374,
603828.SH,柯利达,20210726,18.716,18.6696,18.716,18.2051,18.2516,2967923,11755476,-0.4644,-2.4814,3.9608,0.498,2342042726.25,,2399108420.94,595939625,0,610460158,111.6403,1.4797,0.9029,6.6677,
603828.SH,柯利达,20210727,18.2516,18.3445,18.4373,18.0658,18.1587,2033530,7981503,-0.0929,-0.5089,3.9249,0.3412,2330123933.75,,2386899217.78,595939625,0,610460158,111.0721,1.4722,0.8983,6.6338,
603828.SH,柯利达,20210728,18.1587,18.298,18.298,17.7407,17.8336,2435130,9384031,-0.3251,-1.7903,3.8536,0.4086,2288408160,,2344167006.72,595939625,0,610460158,109.0836,1.4458,0.8823,6.515,
603828.SH,柯利达,20210729,17.8336,17.7872,18.0194,17.7872,17.88,1229620,4736810,0.0464,0.2604,3.8523,0.2063,2294367556.25,,2350271608.3,595939625,0,610460158,109.3677,1.4496,0.8846,6.532,
603828.SH,柯利达,20210730,17.88,17.9265,17.9265,17.5085,17.9265,1632530,6238605,0.0464,0.2597,3.8214,0.2739,2300326952.5,,2356376209.88,595939625,0,610460158,109.6518,1.4533,0.8869,6.549,
603828.SH,柯利达,20210802,17.9265,17.7407,18.298,17.6943,18.0658,1709474,6617405,0.1393,0.7772,3.871,0.2869,2318205141.25,,2374690014.62,595939625,0,610460158,110.504,1.4646,0.8937,6.5999,
603828.SH,柯利达,20210803,18.0658,18.0658,18.2516,17.9265,18.1587,1923127,7501954,0.0929,0.5141,3.9009,0.3227,2330123933.75,,2386899217.78,595939625,0,610460158,111.0721,1.4722,0.8983,6.6338,
603828.SH,柯利达,20210804,18.1587,18.1587,18.1587,17.9265,18.0194,1709700,6631483,-0.1393,-0.7673,3.8787,0.2869,2312245745,,2368585413.04,595939625,0,610460158,110.2199,1.4609,0.8915,6.5829,
603828.SH,柯利达,20210805,18.0194,18.0194,18.0658,17.7872,17.9265,1850700,7149644,-0.0929,-0.5155,3.8632,0.3106,2300326952.5,,2356376209.88,595939625,0,610460158,109.6518,1.4533,0.8869,6.549,
603828.SH,柯利达,20210806,17.9265,17.9265,18.0194,17.6943,17.88,2415500,9289459,-0.0464,-0.2591,3.8458,0.4053,2294367556.25,,2350271608.3,595939625,0,610460158,109.3677,1.4496,0.8846,6.532,
603828.SH,柯利达,20210809,17.88,17.7872,18.1587,17.7872,18.1123,2173106,8434970,0.2322,1.2987,3.8815,0.3647,2324164537.5,,2380794616.2,595939625,0,610460158,110.788,1.4684,0.896,6.6168,
603828.SH,柯利达,20210810,18.1123,18.2051,18.2051,18.0194,18.2051,1994269,7791625,0.0929,0.5128,3.907,0.3346,2336083330,,2393003819.36,595939625,0,610460158,111.3562,1.4759,0.9006,6.6508,
603828.SH,柯利达,20210811,18.2051,18.2051,18.2516,18.0658,18.2051,1919720,7501454,0,0,3.9076,0.3221,2336083330,,2393003819.36,595939625,0,610460158,111.3562,1.4759,0.9006,6.6508,
603828.SH,柯利达,20210812,18.2051,18.1123,18.2051,18.0658,18.1587,1724530,6737845,-0.0464,-0.2551,3.9071,0.2894,2330123933.75,,2386899217.78,595939625,0,610460158,111.0721,1.4722,0.8983,6.6338,
603828.SH,柯利达,20210813,18.1587,18.1123,18.1587,17.8336,18.0658,3355881,13036201,-0.0929,-0.5115,3.8846,0.5631,2318205141.25,,2374690014.62,595939625,0,610460158,110.504,1.4646,0.8937,6.5999,
603828.SH,柯利达,20210816,18.0658,18.1123,18.2051,18.1123,18.1587,1992535,7789822,0.0929,0.5141,3.9095,0.3344,2330123933.75,,2386899217.78,595939625,0,610460158,111.0721,1.4722,0.8983,6.6338,
603828.SH,柯利达,20210817,18.1587,18.1587,18.2051,17.88,18.0194,3127550,12160447,-0.1393,-0.7673,3.8882,0.5248,2312245745,,2368585413.04,595939625,0,610460158,110.2199,1.4609,0.8915,6.5829,
603828.SH,柯利达,20210818,18.0194,17.88,18.3909,17.88,18.3445,3851399,15109633,0.3251,1.8041,3.9232,0.6463,2353961518.75,,2411317624.1,595939625,0,610460158,112.2084,1.4872,0.9075,6.7017,
603828.SH,柯利达,20210819,18.3445,18.3445,18.3445,18.1587,18.2516,1757213,6897923,-0.0929,-0.5063,3.9255,0.2949,2342042726.25,,2399108420.94,595939625,0,610460158,111.6403,1.4797,0.9029,6.6677,
603828.SH,柯利达,20210820,18.2516,18.1587,18.298,17.9729,18.2516,1791684,6979300,0,0,3.8954,0.3006,2342042726.25,,2399108420.94,595939625,0,610460158,111.6403,1.4797,0.9029,6.6677,
603828.SH,柯利达,20210823,18.2516,18.2516,18.9018,18.2516,18.6231,3874813,15385304,0.3715,2.0356,3.9706,0.6502,2389717896.25,,2447945233.58,595939625,0,610460158,113.9128,1.5098,0.9213,6.8035,
603828.SH,柯利达,20210824,18.6231,18.6231,18.716,18.3909,18.6696,2476456,9883247,0.0464,0.2494,3.9909,0.4156,2395677292.5,,2454049835.16,595939625,0,610460158,114.1969,1.5136,0.9236,6.8204,
603828.SH,柯利达,20210825,18.6696,18.7161,19.0886,18.4368,18.9023,4807232,19350639,0.2328,1.2469,4.0253,0.8067,2419514877.5,,2478468241.48,595939625,0,610460158,115.3332,1.5287,0.9328,6.8883,
603828.SH,柯利达,20210826,18.9023,18.8558,19.5076,18.7627,19.3214,11327540,46865277,0.419,2.2167,4.1373,1.9008,2473149443.75,,2533409655.7,595939625,0,610460158,117.8898,1.5625,0.9535,7.041,
603828.SH,柯利达,20210827,19.3214,19.461,19.461,19.042,19.0886,4798108,19758877,-0.2328,-1.2048,4.1181,0.8051,2443352462.5,,2502886647.8,595939625,0,610460158,116.4695,1.5437,0.942,6.9561,
603828.SH,柯利达,20210830,19.0886,19.1351,19.3214,18.6695,18.7161,4155560,16818365,-0.3725,-1.9512,4.0472,0.6973,2395677292.5,,2454049835.16,595939625,0,610460158,121.9706,1.5043,0.9236,6.8204,
603828.SH,柯利达,20210831,18.7161,18.623,18.9489,18.4833,18.9023,2712721,10954208,0.1862,0.995,4.0381,0.4552,2419514877.5,,2478468241.48,595939625,0,610460158,123.1842,1.5192,0.9328,6.8883,
603828.SH,柯利达,20210901,18.9023,18.9023,19.0886,18.7627,18.8092,3210722,12997942,-0.0931,-0.4926,4.0483,0.5388,2407596085,,2466259038.32,595939625,0,610460158,122.5774,1.5117,0.9282,6.8544,
603828.SH,柯利达,20210902,18.8092,18.9489,18.9955,18.6695,18.9489,2957159,11987608,0.1397,0.7426,4.0538,0.4962,2425474273.75,,2484572843.06,595939625,0,610460158,123.4876,1.523,0.9351,6.9052,
603828.SH,柯利达,20210903,18.9489,18.8558,19.2282,18.8558,18.9955,3766877,15402578,0.0466,0.2457,4.089,0.6321,2431433670,,2490677444.64,595939625,0,610460158,123.791,1.5267,0.9374,6.9222,
603828.SH,柯利达,20210906,18.9955,19.042,19.0886,18.8092,18.9023,2278466,9249677,-0.0931,-0.4902,4.0596,0.3823,2419514877.5,,2478468241.48,595939625,0,610460158,123.1842,1.5192,0.9328,6.8883,
603828.SH,柯利达,20210907,18.9023,18.9023,19.042,18.8092,18.9955,3626538,14730732,0.0931,0.4926,4.0619,0.6085,2431433670,,2490677444.64,595939625,0,610460158,123.791,1.5267,0.9374,6.9222,
603828.SH,柯利达,20210908,18.9955,18.9955,19.2282,18.8558,19.2282,4082300,16748204,0.2328,1.2255,4.1026,0.685,2461230651.25,,2521200452.54,595939625,0,610460158,125.3081,1.5454,0.9489,7.007,
603828.SH,柯利达,20210909,19.2282,19.2748,19.461,19.0886,19.3679,4418148,18321287,0.1397,0.7264,4.1468,0.7414,2479108840,,2539514257.28,595939625,0,610460158,126.2183,1.5567,0.9558,7.0579,
603828.SH,柯利达,20210910,19.3679,19.3679,19.5076,19.042,19.042,4051200,16732095,-0.3259,-1.6827,4.1302,0.6798,2437393066.25,,2496782046.22,595939625,0,610460158,124.0944,1.5305,0.9397,6.9392,
603828.SH,柯利达,20210913,19.042,19.0886,19.3214,18.9489,19.3214,3033288,12482793,0.2793,1.467,4.1153,0.509,2473149443.75,,2533409655.7,595939625,0,610460158,125.9149,1.5529,0.9535,7.041,
603828.SH,柯利达,20210914,19.3214,19.2282,19.3214,18.9955,19.0886,3765238,15486236,-0.2328,-1.2048,4.113,0.6318,2443352462.5,,2502886647.8,595939625,0,610460158,124.3978,1.5342,0.942,6.9561,
603828.SH,柯利达,20210915,19.0886,18.9955,19.4145,18.9489,19.2282,3357246,13876538,0.1397,0.7317,4.1333,0.5634,2461230651.25,,2521200452.54,595939625,0,610460158,125.3081,1.5454,0.9489,7.007,
603828.SH,柯利达,20210916,19.2282,19.2282,19.3679,19.1351,19.1351,3616195,14967872,-0.0931,-0.4843,4.1391,0.6068,2449311858.75,,2508991249.38,595939625,0,610460158,124.7012,1.5379,0.9443,6.9731,
603828.SH,柯利达,20210917,19.1351,19.042,19.1817,18.4833,18.7161,4245200,17147694,-0.419,-2.1898,4.0393,0.7124,2395677292.5,,2454049835.16,595939625,0,610460158,121.9706,1.5043,0.9236,6.8204,
603828.SH,柯利达,20210922,18.7161,18.623,18.6695,18.4833,18.5764,2219729,8846446,-0.1397,-0.7463,3.9854,0.3725,2377799103.75,,2435736030.42,595939625,0,610460158,121.0603,1.493,0.9167,6.7695,
603828.SH,柯利达,20210923,18.5764,18.5764,18.9489,18.5299,18.6695,3612643,14512433,0.0931,0.5013,4.0171,0.6062,2389717896.25,,2447945233.58,595939625,0,610460158,121.6671,1.5005,0.9213,6.8035,
603828.SH,柯利达,20210924,18.6695,18.6695,18.8092,18.0643,18.1109,3790536,15003293,-0.5587,-2.9925,3.9581,0.6361,2318205141.25,,2374690014.62,595939625,0,610460158,118.0262,1.4556,0.8937,6.5999,
603828.SH,柯利达,20210927,18.1109,18.204,18.2505,17.5522,17.785,3684260,14091408,-0.3259,-1.7995,3.8248,0.6182,2276489367.5,,2331957803.56,595939625,0,610460158,115.9024,1.4294,0.8777,6.4811,
603828.SH,柯利达,20210928,17.785,17.8781,18.0643,17.6918,17.9712,1712435,6562548,0.1862,1.0471,3.8323,0.2874,2300326952.5,,2356376209.88,595939625,0,610460158,117.116,1.4444,0.8869,6.549,
603828.SH,柯利达,20210929,17.9712,17.8781,17.9712,17.5522,17.5987,2528768,9602825,-0.3725,-2.0725,3.7974,0.4243,2252651782.5,,2307539397.24,595939625,0,610460158,114.6887,1.4145,0.8685,6.4132,
603828.SH,柯利达,20210930,17.5987,17.5987,17.8781,17.5987,17.785,1192288,4550619,0.1862,1.0582,3.8167,0.2001,2276489367.5,,2331957803.56,595939625,0,610460158,115.9024,1.4294,0.8777,6.4811,
603828.SH,柯利达,20211008,17.785,17.9712,18.1109,17.8781,18.0643,1960174,7582300,0.2793,1.5707,3.8682,0.3289,2312245745,,2368585413.04,595939625,0,610460158,117.7228,1.4519,0.8915,6.5829,
603828.SH,柯利达,20211011,18.0643,18.1109,18.1574,17.9246,18.0177,1262005,4883736,-0.0466,-0.2577,3.8698,0.2118,2306286348.75,,2362480811.46,595939625,0,610460158,117.4194,1.4481,0.8892,6.5659,
603828.SH,柯利达,20211012,18.0177,18.0643,18.0643,17.6453,17.785,1826600,6993365,-0.2328,-1.292,3.8286,0.3065,2276489367.5,,2331957803.56,595939625,0,610460158,115.9024,1.4294,0.8777,6.4811,
603828.SH,柯利达,20211013,17.785,17.8315,17.9712,17.6453,17.9246,1148410,4390021,0.1397,0.7853,3.8227,0.1927,2294367556.25,,2350271608.3,595939625,0,610460158,116.8126,1.4407,0.8846,6.532,
603828.SH,柯利达,20211014,17.9246,17.9712,17.9712,17.785,17.8315,1583950,6071173,-0.0931,-0.5195,3.8329,0.2658,2282448763.75,,2338062405.14,595939625,0,610460158,116.2058,1.4332,0.88,6.4981,
603828.SH,柯利达,20211015,17.8315,17.8315,17.9246,17.6453,17.6453,1579300,6012056,-0.1862,-1.0444,3.8068,0.265,2258611178.75,,2313643998.82,595939625,0,610460158,114.9921,1.4182,0.8708,6.4302,
603828.SH,柯利达,20211018,17.6453,17.6918,17.6918,17.4125,17.6918,1020400,3849029,0.0466,0.2639,3.7721,0.1712,2264570575,,2319748600.4,595939625,0,610460158,115.2955,1.4219,0.8731,6.4472,
603828.SH,柯利达,20211019,17.6918,17.7384,17.7384,17.5987,17.5987,1186250,4499941,-0.0931,-0.5263,3.7934,0.1991,2252651782.5,,2307539397.24,595939625,0,610460158,114.6887,1.4145,0.8685,6.4132,
603828.SH,柯利达,20211020,17.5987,17.5522,17.7384,17.5056,17.5522,1324613,5010605,-0.0466,-0.2646,3.7827,0.2223,2246692386.25,,2301434795.66,595939625,0,610460158,114.3853,1.4107,0.8662,6.3963,
603828.SH,柯利达,20211021,17.5522,17.5522,17.6918,17.5056,17.5522,1015200,3834750,0,0,3.7773,0.1704,2246692386.25,,2301434795.66,595939625,0,610460158,114.3853,1.4107,0.8662,6.3963,
603828.SH,柯利达,20211022,17.5522,17.5522,17.6453,17.5056,17.5056,1089780,4113481,-0.0466,-0.2653,3.7746,0.1829,2240732990,,2295330194.08,595939625,0,610460158,114.0819,1.407,0.8639,6.3793,
603828.SH,柯利达,20211025,17.5056,17.5987,17.5987,17.3659,17.4125,1190790,4473812,-0.0931,-0.5319,3.757,0.1998,2228814197.5,,2283120990.92,595939625,0,610460158,113.4751,1.3995,0.8593,6.3454,
603828.SH,柯利达,20211026,17.4125,17.5522,17.5987,17.4125,17.5987,1436434,5407828,0.1862,1.0695,3.7648,0.241,2252651782.5,,2307539397.24,595939625,0,610460158,114.6887,1.4145,0.8685,6.4132,
603828.SH,柯利达,20211027,17.5987,17.5987,17.785,16.9935,17.785,3525968,13198117,0.1862,1.0582,3.7431,0.5917,2276489367.5,,2331957803.56,595939625,0,610460158,115.9024,1.4294,0.8777,6.4811,
603828.SH,柯利达,20211028,17.785,17.8315,18.1574,17.4125,18.1109,5102222,19616608,0.3259,1.8325,3.8447,0.8562,2318205141.25,,2374690014.62,595939625,0,610460158,118.0262,1.4556,0.8937,6.5999,
603828.SH,柯利达,20211029,18.1109,18.0177,18.5764,17.8781,18.5299,7105639,28092491,0.419,2.3136,3.9535,1.1923,2371839707.5,,2429631428.84,595939625,0,610460158,120.7569,1.4893,0.9144,6.7526,
603828.SH,柯利达,20211101,18.5299,18.5299,18.9023,17.8315,18.1574,3926869,15412780,-0.3725,-2.0101,3.925,0.6589,2324164537.5,,2380794616.2,595939625,0,610460158,112.9029,1.4404,0.896,6.6168,
603828.SH,柯利达,20211102,18.1574,17.9712,18.1574,17.7384,17.8315,3199460,12322821,-0.3259,-1.7949,3.8515,0.5369,2282448763.75,,2338062405.14,595939625,0,610460158,110.8764,1.4146,0.88,6.4981,
603828.SH,柯利达,20211103,17.8315,17.785,17.9246,17.5056,17.6918,1977740,7503820,-0.1397,-0.7833,3.7941,0.3319,2264570575,,2319748600.4,595939625,0,610460158,110.008,1.4035,0.8731,6.4472,
603828.SH,柯利达,20211104,17.6918,17.6453,17.7384,17.5522,17.6918,973707,3696841,0,0,3.7967,0.1634,2264570575,,2319748600.4,595939625,0,610460158,110.008,1.4035,0.8731,6.4472,
603828.SH,柯利达,20211105,17.6918,17.785,17.785,17.5522,17.6453,1248551,4723672,-0.0466,-0.2632,3.7833,0.2095,2258611178.75,,2313643998.82,595939625,0,610460158,109.7185,1.3998,0.8708,6.4302,
603828.SH,柯利达,20211108,17.6453,17.7384,17.9246,17.5987,17.785,1423256,5428333,0.1397,0.7916,3.814,0.2388,2276489367.5,,2331957803.56,595939625,0,610460158,110.5869,1.4109,0.8777,6.4811,
603828.SH,柯利达,20211109,17.785,17.6918,18.1574,17.0866,18.1109,3617481,13821368,0.3259,1.8325,3.8207,0.607,2318205141.25,,2374690014.62,595939625,0,610460158,112.6134,1.4367,0.8937,6.5999,
603828.SH,柯利达,20211110,18.1109,18.0643,18.3436,17.9246,18.3436,4357769,17016650,0.2328,1.2853,3.9049,0.7312,2348002122.5,,2405213022.52,595939625,0,610460158,114.0609,1.4552,0.9052,6.6847,
603828.SH,柯利达,20211111,18.3436,18.2505,18.5764,18.2505,18.4368,3641994,14417109,0.0931,0.5076,3.9586,0.6111,2359920915,,2417422225.68,595939625,0,610460158,114.6399,1.4626,0.9098,6.7186,
603828.SH,柯利达,20211112,18.4368,18.4833,18.623,18.2971,18.4833,3876300,15391103,0.0466,0.2525,3.9706,0.6505,2365880311.25,,2423526827.26,595939625,0,610460158,114.9294,1.4663,0.9121,6.7356,
603828.SH,柯利达,20211115,18.4833,18.4833,18.7627,18.4833,18.6695,3110210,12443863,0.1862,1.0076,4.001,0.5219,2389717896.25,,2447945233.58,595939625,0,610460158,116.0873,1.4811,0.9213,6.8035,
603828.SH,柯利达,20211116,18.6695,18.5764,20.4853,18.0643,20.0197,29163381,120998043,1.3502,7.2319,4.149,4.8937,2562540387.5,,2624978679.4,595939625,0,610460158,124.4827,1.5882,0.9879,7.2955,
603828.SH,柯利达,20211117,20.0197,20.3456,20.5318,19.461,19.5541,24176417,103854086,-0.4656,-2.3256,4.2957,4.0569,2502946425,,2563932663.6,595939625,0,610460158,121.5877,1.5512,0.965,7.1258,
603828.SH,柯利达,20211118,19.5541,19.5541,19.7404,18.623,18.7627,13686687,56329219,-0.7915,-4.0476,4.1156,2.2967,2401636688.75,,2460154436.74,595939625,0,610460158,116.6663,1.4885,0.9259,6.8374,
603828.SH,柯利达,20211119,18.7627,18.6695,18.9023,18.204,18.4368,10869708,43096101,-0.3259,-1.737,3.9648,1.824,2359920915,,2417422225.68,595939625,0,610460158,114.6399,1.4626,0.9098,6.7186,
603828.SH,柯利达,20211122,18.4368,18.4833,18.5299,18.2505,18.3902,5644200,22271250,-0.0466,-0.2525,3.9459,0.9471,2353961518.75,,2411317624.1,595939625,0,610460158,114.3504,1.4589,0.9075,6.7017,
603828.SH,柯利达,20211123,18.3902,18.3902,18.5299,18.2505,18.5299,4098055,16204151,0.1397,0.7595,3.9541,0.6877,2371839707.5,,2429631428.84,595939625,0,610460158,115.2189,1.47,0.9144,6.7526,
603828.SH,柯利达,20211124,18.5299,18.4833,18.4833,18.2971,18.3902,4010501,15828503,-0.1397,-0.7538,3.9468,0.673,2353961518.75,,2411317624.1,595939625,0,610460158,114.3504,1.4589,0.9075,6.7017,
603828.SH,柯利达,20211125,18.3902,18.3436,18.4368,18.2971,18.3436,2820676,11116313,-0.0466,-0.2532,3.941,0.4733,2348002122.5,,2405213022.52,595939625,0,610460158,114.0609,1.4552,0.9052,6.6847,
603828.SH,柯利达,20211126,18.3436,18.204,18.3902,17.8781,17.9246,5149125,19976007,-0.419,-2.2843,3.8795,0.864,2294367556.25,,2350271608.3,595939625,0,610460158,111.4554,1.422,0.8846,6.532,
603828.SH,柯利达,20211129,17.9246,17.6918,18.0177,17.5522,17.9712,3053282,11722165,0.0466,0.2597,3.8392,0.5123,2300326952.5,,2356376209.88,595939625,0,610460158,111.7449,1.4257,0.8869,6.549,
603828.SH,柯利达,20211130,17.9712,17.9712,18.1109,17.8315,17.9712,2827300,10928734,0,0,3.8654,0.4744,2300326952.5,,2356376209.88,595939625,0,610460158,111.7449,1.4257,0.8869,6.549,
603828.SH,柯利达,20211201,17.9712,17.9712,18.1574,17.8781,18.1574,3228717,12512530,0.1862,1.0363,3.8754,0.5418,2324164537.5,,2380794616.2,595939625,0,610460158,112.9029,1.4404,0.896,6.6168,
603828.SH,柯利达,20211202,18.1574,18.0643,18.204,18.0177,18.0643,3190830,12421412,-0.0931,-0.5128,3.8928,0.5354,2312245745,,2368585413.04,595939625,0,610460158,112.3239,1.4331,0.8915,6.5829,
603828.SH,柯利达,20211203,18.0643,18.2505,18.2505,17.9246,18.0643,2737369,10617812,0,0,3.8788,0.4593,2312245745,,2368585413.04,595939625,0,610460158,112.3239,1.4331,0.8915,6.5829,
603828.SH,柯利达,20211206,18.0643,18.0643,18.1574,17.785,17.8315,2928112,11277693,-0.2328,-1.2887,3.8515,0.4913,2282448763.75,,2338062405.14,595939625,0,610460158,110.8764,1.4146,0.88,6.4981,
603828.SH,柯利达,20211207,17.8315,17.8315,18.1109,17.785,18.0643,2715776,10466439,0.2328,1.3055,3.8539,0.4557,2312245745,,2368585413.04,595939625,0,610460158,112.3239,1.4331,0.8915,6.5829,
603828.SH,柯利达,20211208,18.0643,18.1109,18.1109,17.8315,18.0643,2449100,9471189,0,0,3.8672,0.411,2312245745,,2368585413.04,595939625,0,610460158,112.3239,1.4331,0.8915,6.5829,
603828.SH,柯利达,20211209,18.0643,18.0643,18.2971,17.9712,18.204,3089460,12063985,0.1397,0.7732,3.9049,0.5184,2330123933.75,,2386899217.78,595939625,0,610460158,113.1924,1.4441,0.8983,6.6338,
603828.SH,柯利达,20211210,18.204,18.2505,18.2971,18.1574,18.2505,2131970,8351393,0.0466,0.2558,3.9172,0.3577,2336083330,,2393003819.36,595939625,0,610460158,113.4819,1.4478,0.9006,6.6508,
603828.SH,柯利达,20211213,18.2505,18.204,18.3436,17.9246,18.0643,3297200,12848110,-0.1862,-1.0204,3.8967,0.5533,2312245745,,2368585413.04,595939625,0,610460158,112.3239,1.4331,0.8915,6.5829,
603828.SH,柯利达,20211214,18.0643,18.0643,18.1574,18.0643,18.1109,2176066,8461809,0.0466,0.2577,3.8886,0.3651,2318205141.25,,2374690014.62,595939625,0,610460158,112.6134,1.4367,0.8937,6.5999,
603828.SH,柯利达,20211215,18.1109,18.1574,18.7161,18.1109,18.3902,5753700,22739189,0.2793,1.5424,3.9521,0.9655,2353961518.75,,2411317624.1,595939625,0,610460158,114.3504,1.4589,0.9075,6.7017,
603828.SH,柯利达,20211216,18.3902,18.3902,18.5299,18.2971,18.4833,3995740,15815049,0.0931,0.5063,3.958,0.6705,2365880311.25,,2423526827.26,595939625,0,610460158,114.9294,1.4663,0.9121,6.7356,
603828.SH,柯利达,20211217,18.4833,18.4368,18.7161,18.3902,18.4833,5254600,20917103,0,0,3.9807,0.8817,2365880311.25,,2423526827.26,595939625,0,610460158,114.9294,1.4663,0.9121,6.7356,
603828.SH,柯利达,20211220,18.4833,18.4833,18.7627,18.3902,18.6695,6169541,24684525,0.1862,1.0076,4.001,1.0353,2389717896.25,,2447945233.58,595939625,0,610460158,116.0873,1.4811,0.9213,6.8035,
603828.SH,柯利达,20211221,18.6695,18.8558,19.5541,18.7161,19.3214,13554869,55895186,0.6518,3.4913,4.1236,2.2745,2473149443.75,,2533409655.7,595939625,0,610460158,120.1403,1.5328,0.9535,7.041,
603828.SH,柯利达,20211222,19.3214,19.461,19.5541,18.9023,18.9955,8152244,33439114,-0.3259,-1.6867,4.1018,1.368,2431433670,,2490677444.64,595939625,0,610460158,118.1138,1.5069,0.9374,6.9222,
603828.SH,柯利达,20211223,18.9955,19.042,19.0886,18.7627,18.8558,6347410,25782980,-0.1397,-0.7353,4.062,1.0651,2413555481.25,,2472363639.9,595939625,0,610460158,117.2453,1.4958,0.9305,6.8713,
603828.SH,柯利达,20211224,18.8558,18.8092,18.8558,18.5299,18.5764,3327876,13329940,-0.2793,-1.4815,4.0055,0.5584,2377799103.75,,2435736030.42,595939625,0,610460158,115.5084,1.4737,0.9167,6.7695,
603828.SH,柯利达,20211227,18.5764,18.5299,18.9955,18.5299,18.9489,6254880,25275740,0.3725,2.005,4.041,1.0496,2425474273.75,,2484572843.06,595939625,0,610460158,117.8243,1.5032,0.9351,6.9052,
603828.SH,柯利达,20211228,18.9489,18.9489,19.0886,18.4833,18.623,5418874,21706112,-0.3259,-1.7199,4.0056,0.9093,2383758500,,2441840632,595939625,0,610460158,115.7979,1.4774,0.919,6.7865,
603828.SH,柯利达,20211229,18.623,18.5299,19.0886,18.5299,18.7627,4244984,17117060,0.1397,0.75,4.0323,0.7123,2401636688.75,,2460154436.74,595939625,0,610460158,116.6663,1.4885,0.9259,6.8374,
603828.SH,柯利达,20211230,18.7627,18.6695,18.9955,18.6695,18.9489,3898755,15826351,0.1862,0.9926,4.0593,0.6542,2425474273.75,,2484572843.06,595939625,0,610460158,117.8243,1.5032,0.9351,6.9052,
603828.SH,柯利达,20211231,18.9489,19.0886,19.0886,18.8558,18.9955,3684458,15037464,0.0466,0.2457,4.0813,0.6183,2431433670,,2490677444.64,595939625,0,610460158,118.1138,1.5069,0.9374,6.9222,
603828.SH,柯利达,20220104,18.9955,19.0886,19.5076,19.042,19.5076,8406278,34955438,0.5121,2.6961,4.1583,1.4106,2496987028.75,,2557828062.02,595939625,0,610460158,121.2982,1.5476,0.9922,-6.124,
603828.SH,柯利达,20220105,19.5076,19.6473,19.7404,19.2282,19.3679,4839046,20152036,-0.1397,-0.716,4.1645,0.812,2479108840,,2539514257.28,595939625,0,610460158,120.4298,1.5365,0.9851,-6.0802,
603828.SH,柯利达,20220106,19.3679,19.3679,20.0197,19.2282,19.6938,6105003,25877890,0.3259,1.6827,4.2388,1.0244,2520824613.75,,2582246468.34,595939625,0,610460158,122.4562,1.5623,1.0017,-6.1825,
603828.SH,柯利达,20220107,19.6938,19.88,20.3456,19.5541,19.6007,8570334,36755955,-0.0931,-0.4728,4.2887,1.4381,2508905821.25,,2570037265.18,595939625,0,610460158,121.8772,1.5549,0.997,-6.1533,
603828.SH,柯利达,20220110,19.6007,19.6473,19.88,19.4145,19.8335,4606075,19548462,0.2328,1.1876,4.2441,0.7729,2538702802.5,,2600560273.08,595939625,0,610460158,123.3247,1.5734,1.0088,-6.2264,
603828.SH,柯利达,20220111,19.8335,19.9732,20.2525,19.6938,19.7869,5792238,24812910,-0.0466,-0.2347,4.2838,0.972,2532743406.25,,2594455671.5,595939625,0,610460158,123.0352,1.5697,1.0064,-6.2117,
603828.SH,柯利达,20220112,19.7869,19.7404,20.1128,19.7404,19.88,6436867,27530493,0.0931,0.4706,4.277,1.0801,2544662198.75,,2606664874.66,595939625,0,610460158,123.6142,1.5771,1.0112,-6.241,
603828.SH,柯利达,20220113,19.88,19.9732,20.0663,19.6473,19.9732,5966370,25512750,0.0931,0.4684,4.2761,1.0012,2556580991.25,,2618874077.82,595939625,0,610460158,124.1932,1.5845,1.0159,-6.2702,
603828.SH,柯利达,20220114,19.9732,19.88,20.0197,19.5076,19.5541,7800100,33061556,-0.419,-2.0979,4.2386,1.3089,2502946425,,2563932663.6,595939625,0,610460158,121.5877,1.5512,0.9946,-6.1387,
603828.SH,柯利达,20220117,19.5541,19.6473,20.0197,19.5076,19.6473,7693624,32633131,0.0931,0.4762,4.2416,1.291,2514865217.5,,2576141866.76,595939625,0,610460158,122.1667,1.5586,0.9993,-6.1679,
603828.SH,柯利达,20220118,19.6473,19.6473,19.7404,19.2282,19.3214,5416701,22553227,-0.3259,-1.6588,4.1636,0.9089,2473149443.75,,2533409655.7,595939625,0,610460158,120.1403,1.5328,0.9828,-6.0656,
603828.SH,柯利达,20220119,19.3214,19.3679,19.7404,19.3679,19.5541,4711343,19751377,0.2328,1.2048,4.1923,0.7906,2502946425,,2563932663.6,595939625,0,610460158,121.5877,1.5512,0.9946,-6.1387,
603828.SH,柯利达,20220120,19.5541,19.6007,19.88,18.9955,19.0886,4952376,20539708,-0.4656,-2.381,4.1474,0.831,2443352462.5,,2502886647.8,595939625,0,610460158,118.6928,1.5143,0.9709,-5.9925,
603828.SH,柯利达,20220121,19.0886,19.2282,19.2282,18.9023,19.042,2407270,9846453,-0.0466,-0.2439,4.0903,0.4039,2437393066.25,,2496782046.22,595939625,0,610460158,118.4033,1.5106,0.9685,-5.9779,
603828.SH,柯利达,20220124,19.042,19.1351,19.1817,18.4833,18.4833,6969343,27996167,-0.5587,-2.934,4.017,1.1695,2365880311.25,,2423526827.26,595939625,0,610460158,114.9294,1.4663,0.9401,-5.8025,
603828.SH,柯利达,20220125,18.4833,18.5299,18.623,17.8781,18.0643,5106606,19976466,-0.419,-2.267,3.9119,0.8569,2312245745,,2368585413.04,595939625,0,610460158,112.3239,1.4331,0.9188,-5.671,
603828.SH,柯利达,20220126,18.0643,18.1109,18.2505,17.8781,18.1574,4655368,18108198,0.0931,0.5155,3.8897,0.7812,2324164537.5,,2380794616.2,595939625,0,610460158,112.9029,1.4404,0.9236,-5.7002,
603828.SH,柯利达,20220127,18.1574,18.2505,18.2971,17.6453,17.6453,4017700,15395824,-0.5121,-2.8205,3.832,0.6742,2258611178.75,,2313643998.82,595939625,0,610460158,109.7185,1.3998,0.8975,-5.5394,
603828.SH,柯利达,20220128,17.6453,17.8315,18.0643,17.6453,17.8781,4917551,18890862,0.2328,1.3193,3.8415,0.8252,2288408160,,2344167006.72,595939625,0,610460158,111.1659,1.4183,0.9093,-5.6125,
603828.SH,柯利达,20220207,17.8781,17.5522,17.8781,17.2263,17.6918,9234753,34867004,-0.1862,-1.0417,3.7756,1.5496,2264570575,,2319748600.4,595939625,0,610460158,110.008,1.4035,0.8999,-5.554,
603828.SH,柯利达,20220208,17.6918,17.6453,18.3436,17.6453,18.3436,7202744,28065661,0.6518,3.6842,3.8965,1.2086,2348002122.5,,2405213022.52,595939625,0,610460158,114.0609,1.4552,0.933,-5.7587,
603828.SH,柯利达,20220209,18.3436,18.3436,18.4833,18.1109,18.2505,3467100,13608642,-0.0931,-0.5076,3.9251,0.5818,2336083330,,2393003819.36,595939625,0,610460158,113.4819,1.4478,0.9283,-5.7294,
603828.SH,柯利达,20220210,18.2505,18.2971,18.3436,18.0177,18.204,2863749,11181960,-0.0466,-0.2551,3.9047,0.4805,2330123933.75,,2386899217.78,595939625,0,610460158,113.1924,1.4441,0.9259,-5.7148,
603828.SH,柯利达,20220211,18.204,18.204,18.2971,17.6918,17.7384,3123527,12006726,-0.4656,-2.5575,3.844,0.5241,2270529971.25,,2325853201.98,595939625,0,610460158,110.2975,1.4072,0.9022,-5.5686,
603828.SH,柯利达,20220214,17.7384,17.6918,17.9712,17.6918,17.8315,2455431,9417762,0.0931,0.5249,3.8355,0.412,2282448763.75,,2338062405.14,595939625,0,610460158,110.8764,1.4146,0.907,-5.5979,
603828.SH,柯利达,20220215,17.8315,17.8781,17.9246,17.5522,17.785,3963834,15063338,-0.0466,-0.2611,3.8002,0.6651,2276489367.5,,2331957803.56,595939625,0,610460158,110.5869,1.4109,0.9046,-5.5833,
603828.SH,柯利达,20220216,17.785,17.785,19.042,17.785,18.9023,16696239,66237447,1.1174,6.2827,3.9672,2.8017,2419514877.5,,2478468241.48,595939625,0,610460158,117.5348,1.4995,0.9614,-5.934,
603828.SH,柯利达,20220217,18.9023,18.8092,19.3214,18.5764,19.042,18474081,75149864,0.1397,0.7389,4.0679,3.1,2437393066.25,,2496782046.22,595939625,0,610460158,118.4033,1.5106,0.9685,-5.9779,
603828.SH,柯利达,20220218,19.042,19.042,19.461,18.623,19.1351,15026605,61570075,0.0931,0.489,4.0974,2.5215,2449311858.75,,2508991249.38,595939625,0,610460158,118.9823,1.518,0.9733,-6.0071,
603828.SH,柯利达,20220221,19.1351,19.2282,19.2748,18.8092,19.0886,8068711,32902875,-0.0466,-0.2433,4.0778,1.3539,2443352462.5,,2502886647.8,595939625,0,610460158,118.6928,1.5143,0.9709,-5.9925,
603828.SH,柯利达,20220222,19.0886,18.9955,19.0886,18.6695,18.8558,6015599,24355960,-0.2328,-1.2195,4.0488,1.0094,2413555481.25,,2472363639.9,595939625,0,610460158,117.2453,1.4958,0.9591,-5.9194,
603828.SH,柯利达,20220223,18.8558,19.042,19.0886,18.5299,18.7161,6869099,27553451,-0.1397,-0.7407,4.0112,1.1527,2395677292.5,,2454049835.16,595939625,0,610460158,116.3768,1.4848,0.952,-5.8756,
603828.SH,柯利达,20220224,18.7161,18.623,19.0886,18.0177,18.3902,8918094,35474102,-0.3259,-1.7413,3.9778,1.4965,2353961518.75,,2411317624.1,595939625,0,610460158,114.3504,1.4589,0.9354,-5.7733,
603828.SH,柯利达,20220225,18.3902,18.3902,18.8092,18.1109,18.2505,5620564,22290939,-0.1397,-0.7595,3.966,0.9431,2336083330,,2393003819.36,595939625,0,610460158,113.4819,1.4478,0.9283,-5.7294,
603828.SH,柯利达,20220228,18.2505,18.2505,18.2971,17.8781,18.1109,5501313,21345068,-0.1397,-0.7653,3.88,0.9231,2318205141.25,,2374690014.62,595939625,0,610460158,112.6134,1.4367,0.9212,-5.6856,
603828.SH,柯利达,20220301,18.1109,18.1574,18.2971,18.0177,18.204,3361492,13105873,0.0931,0.5141,3.8988,0.5641,2330123933.75,,2386899217.78,595939625,0,610460158,113.1924,1.4441,0.9259,-5.7148,
603828.SH,柯利达,20220302,18.204,18.204,18.4833,18.1574,18.3436,4713852,18569327,0.1397,0.7673,3.9393,0.791,2348002122.5,,2405213022.52,595939625,0,610460158,114.0609,1.4552,0.933,-5.7587,
603828.SH,柯利达,20220303,18.3436,18.2971,18.7161,18.2505,18.4368,4334155,17187129,0.0931,0.5076,3.9655,0.7273,2359920915,,2417422225.68,595939625,0,610460158,114.6399,1.4626,0.9378,-5.7879,
603828.SH,柯利达,20220304,18.4368,18.3902,18.4368,17.9246,18.0643,5826727,22672601,-0.3725,-2.0202,3.8911,0.9777,2312245745,,2368585413.04,595939625,0,610460158,112.3239,1.4331,0.9188,-5.671,
603828.SH,柯利达,20220307,18.0643,17.8781,18.1574,17.7384,17.8781,4489328,17282826,-0.1862,-1.0309,3.8498,0.7533,2288408160,,2344167006.72,595939625,0,610460158,111.1659,1.4183,0.9093,-5.6125,
603828.SH,柯利达,20220308,17.8781,17.785,18.0177,17.3659,17.5056,6428197,24391760,-0.3725,-2.0833,3.7945,1.0787,2240732990,,2295330194.08,595939625,0,610460158,108.85,1.3887,0.8904,-5.4956,
603828.SH,柯利达,20220309,17.5056,17.5987,18.204,17.3194,18.1109,10432645,39576871,0.6052,3.4574,3.7936,1.7506,2318205141.25,,2374690014.62,595939625,0,610460158,112.6134,1.4367,0.9212,-5.6856,
603828.SH,柯利达,20220310,18.1109,18.5299,18.5299,17.9246,18.3436,10850273,42586007,0.2328,1.2853,3.9249,1.8207,2348002122.5,,2405213022.52,595939625,0,610460158,114.0609,1.4552,0.933,-5.7587,
603828.SH,柯利达,20220311,18.3436,18.3436,18.7161,17.9712,18.204,17164726,67603463,-0.1397,-0.7614,3.9385,2.8803,2330123933.75,,2386899217.78,595939625,0,610460158,113.1924,1.4441,0.9259,-5.7148,
603828.SH,柯利达,20220314,18.204,18.1574,18.3902,17.8781,18.3436,10066816,39265499,0.1397,0.7673,3.9005,1.6892,2348002122.5,,2405213022.52,595939625,0,610460158,114.0609,1.4552,0.933,-5.7587,
603828.SH,柯利达,20220315,18.3436,18.2505,20.1594,17.6918,20.1594,44770812,187711724,1.8157,9.8985,4.1927,7.5126,2580418576.25,,2643292484.14,595939625,0,610460158,125.3512,1.5993,1.0254,-6.3287,
603828.SH,柯利达,20220316,20.1594,22.1614,22.1614,21.463,22.1614,84728132,402642145,2.002,9.9307,4.7522,14.2176,2836672615,,2905790352.08,595939625,0,610460158,137.7994,1.7581,1.1272,-6.9572,
603828.SH,柯利达,20220317,22.1614,24.3961,24.3961,20.0663,20.2059,96733192,461057135,-1.9554,-8.8235,4.7663,16.232,2586377972.5,,2649397085.72,595939625,0,610460158,125.6407,1.603,1.0278,-6.3433,
603828.SH,柯利达,20220318,20.2059,19.5076,21.882,19.3214,21.1371,95278847,421469411,0.9311,4.6083,4.4235,15.988,2705565897.5,,2771489117.32,595939625,0,610460158,131.4306,1.6768,1.0751,-6.6356,
603828.SH,柯利达,20220321,21.1371,20.9043,23.2322,20.625,22.8132,96782728,464123675,1.6761,7.9295,4.7955,16.2404,2920104162.5,,2991254774.2,595939625,0,610460158,141.8524,1.8098,1.1604,-7.1618,
603828.SH,柯利达,20220322,22.8132,22.2545,22.2545,20.7181,20.9509,72178904,329448442,-1.8623,-8.1633,4.5643,12.1118,2681728312.5,,2747070711,595939625,0,610460158,130.2726,1.662,1.0656,-6.5771,
603828.SH,柯利达,20220323,20.9509,20.8578,22.6735,20.8578,21.2768,51617437,238130107,0.3259,1.5556,4.6134,8.6615,2723444086.25,,2789802922.06,595939625,0,610460158,132.299,1.6879,1.0822,-6.6795,
603828.SH,柯利达,20220324,21.2768,20.8112,21.0905,19.8335,20.0197,41176548,180142250,-1.2571,-5.9081,4.3749,6.9095,2562540387.5,,2624978679.4,595939625,0,610460158,124.4827,1.5882,1.0183,-6.2848,
603828.SH,柯利达,20220325,20.0197,19.9732,20.2525,19.7869,19.88,23797700,102020964,-0.1397,-0.6977,4.287,3.9933,2544662198.75,,2606664874.66,595939625,0,610460158,123.6142,1.5771,1.0112,-6.241,
603828.SH,柯利达,20220328,19.88,19.6938,20.3456,19.4145,20.2059,23796225,102343519,0.3259,1.6393,4.3008,3.9931,2586377972.5,,2649397085.72,595939625,0,610460158,125.6407,1.603,1.0278,-6.3433,
603828.SH,柯利达,20220329,20.2059,20.0197,20.1128,19.5541,19.6007,20687418,87833134,-0.6052,-2.9954,4.2457,3.4714,2508905821.25,,2570037265.18,595939625,0,610460158,121.8772,1.5549,0.997,-6.1533,
603828.SH,柯利达,20220330,19.6007,19.5541,20.2991,19.5541,19.9732,16520422,70943618,0.3725,1.9002,4.2943,2.7722,2556580991.25,,2618874077.82,595939625,0,610460158,124.1932,1.5845,1.0159,-6.2702,
603828.SH,柯利达,20220331,19.9732,20.0197,20.2991,19.6938,19.8335,17873427,76806304,-0.1397,-0.6993,4.2972,2.9992,2538702802.5,,2600560273.08,595939625,0,610460158,123.3247,1.5734,1.0088,-6.2264,
603828.SH,柯利达,20220401,19.8335,19.6473,19.9732,19.461,19.9732,15032930,63570371,0.1397,0.7042,4.2287,2.5226,2556580991.25,,2618874077.82,595939625,0,610460158,124.1932,1.5845,1.0159,-6.2702,
603828.SH,柯利达,20220406,19.9732,19.7869,20.3456,19.7869,20.2059,15794374,68236619,0.2328,1.1655,4.3203,2.6503,2586377972.5,,2649397085.72,595939625,0,610460158,125.6407,1.603,1.0278,-6.3433,
603828.SH,柯利达,20220407,20.2059,20.2525,20.2991,19.4145,19.4145,17117638,72405796,-0.7915,-3.9171,4.2299,2.8724,2485068236.25,,2545618858.86,595939625,0,610460158,120.7193,1.5402,0.9875,-6.0948,
603828.SH,柯利达,20220408,19.4145,19.461,20.1128,19.461,20.0197,19276415,82259415,0.6052,3.1175,4.2674,3.2346,2562540387.5,,2624978679.4,595939625,0,610460158,124.4827,1.5882,1.0183,-6.2848,
603828.SH,柯利达,20220411,20.0197,19.88,20.2525,19.2282,19.3679,16108757,68013749,-0.6518,-3.2558,4.2222,2.7031,2479108840,,2539514257.28,595939625,0,610460158,120.4298,1.5365,0.9851,-6.0802,
603828.SH,柯利达,20220412,19.3679,19.3214,19.7869,18.9955,19.6938,13125540,54694283,0.3259,1.6827,4.167,2.2025,2520824613.75,,2582246468.34,595939625,0,610460158,122.4562,1.5623,1.0017,-6.1825,
603828.SH,柯利达,20220413,19.6938,19.5076,19.6473,18.7161,18.7627,15772911,64488799,-0.9311,-4.7281,4.0886,2.6467,2401636688.75,,2460154436.74,595939625,0,610460158,116.6663,1.4885,0.9543,-5.8902,
603828.SH,柯利达,20220414,18.7627,18.7161,19.2282,18.7161,18.9489,9305666,37956939,0.1862,0.9926,4.0789,1.5615,2425474273.75,,2484572843.06,595939625,0,610460158,117.8243,1.5032,0.9638,-5.9487,
603828.SH,柯利达,20220415,18.9489,18.9023,18.9023,18.3436,18.3902,13211356,52646040,-0.5587,-2.9484,3.9849,2.2169,2353961518.75,,2411317624.1,595939625,0,610460158,114.3504,1.4589,0.9354,-5.7733,
603828.SH,柯利达,20220418,18.3902,18.3902,18.5764,17.8781,18.2505,7557883,29651840,-0.1397,-0.7595,3.9233,1.2682,2336083330,,2393003819.36,595939625,0,610460158,113.4819,1.4478,0.9283,-5.7294,
603828.SH,柯利达,20220419,18.2505,18.2505,18.4833,18.1574,18.4833,5087553,20041545,0.2328,1.2755,3.9393,0.8537,2365880311.25,,2423526827.26,595939625,0,610460158,114.9294,1.4663,0.9401,-5.8025,
603828.SH,柯利达,20220420,18.4833,18.4833,18.7161,18.1109,18.204,6489469,25658966,-0.2793,-1.5113,3.9539,1.0889,2330123933.75,,2386899217.78,595939625,0,610460158,113.1924,1.4441,0.9259,-5.7148,
603828.SH,柯利达,20220421,18.204,18.1574,18.204,17.3194,17.4125,9419700,35838049,-0.7915,-4.3478,3.8046,1.5806,2228814197.5,,2283120990.92,595939625,0,610460158,108.271,1.3813,0.8857,-5.4663,
603828.SH,柯利达,20220422,17.4125,17.2728,17.6453,17.1332,17.3659,5410470,20225957,-0.0466,-0.2674,3.7383,0.9079,2222854801.25,,2277016389.34,595939625,0,610460158,107.9815,1.3777,0.8833,-5.4517,
603828.SH,柯利达,20220425,17.3659,17.3194,17.3194,15.6433,15.7364,11329930,40146750,-1.6295,-9.3834,3.5434,1.9012,2014275932.5,,2063355334.04,595939625,0,610460158,97.8492,1.2484,0.8004,-4.9402,
603828.SH,柯利达,20220426,15.7364,15.8295,16.1554,15.1777,15.2243,7528681,25330179,-0.5121,-3.2544,3.3645,1.2633,1948722573.75,,1996204716.66,595939625,0,610460158,94.6647,1.2078,0.7744,-4.7794,
603828.SH,柯利达,20220427,15.2243,14.9915,15.6433,14.9915,15.5968,8249913,27276357,0.3725,2.4465,3.3063,1.3844,1996397743.75,,2045041529.3,595939625,0,610460158,96.9807,1.2373,0.7933,-4.8963,
603828.SH,柯利达,20220428,15.5968,15.1777,15.5968,14.4328,14.8984,12045285,38399356,-0.6984,-4.4776,3.1879,2.0212,1907006800,,1953472505.6,595939625,0,610460158,-5.2445,1.6005,0.7578,-4.6771,
603828.SH,柯利达,20220429,14.8984,14.7122,15.3174,14.5725,15.0381,8119730,26293211,0.1397,0.9375,3.2382,1.3625,1924884988.75,,1971786310.34,595939625,0,610460158,-4.5882,1.6626,0.7649,-4.7209,
603828.SH,柯利达,20220505,15.0381,14.8984,15.2709,14.6656,15.1312,7527310,24257228,0.0931,0.6192,3.2226,1.2631,1936803781.25,,1983995513.5,595939625,0,610460158,-4.6166,1.6729,0.7696,-4.7502,
603828.SH,柯利达,20220506,15.1312,14.7122,15.0846,14.5725,14.7122,5154620,16319068,-0.419,-2.7692,3.1659,0.865,1883169215,,1929054099.28,595939625,0,610460158,-4.4888,1.6266,0.7483,-4.6186,
603828.SH,柯利达,20220509,14.7122,14.619,15.6899,14.619,15.6433,9877978,32754688,0.9311,6.3291,3.3159,1.6575,2002357140,,2051146130.88,595939625,0,610460158,-4.7729,1.7295,0.7957,-4.9109,
603828.SH,柯利达,20220510,15.6433,15.3174,15.7364,15.3174,15.7364,8291022,27684347,0.0931,0.5952,3.3391,1.3913,2014275932.5,,2063355334.04,595939625,0,610460158,-4.8013,1.7398,0.8004,-4.9402,
603828.SH,柯利达,20220511,15.7364,15.7364,16.0623,15.4105,15.4571,10243830,34657672,-0.2793,-1.7751,3.3833,1.7189,1978519555,,2026727724.56,595939625,0,610460158,-4.7161,1.7089,0.7862,-4.8525,
603828.SH,柯利达,20220512,15.4571,15.364,16.2951,15.364,16.1089,11645769,39886297,0.6518,4.2169,3.425,1.9542,2061951102.5,,2112192146.68,595939625,0,610460158,-4.9149,1.781,0.8194,-5.0571,
603828.SH,柯利达,20220513,16.1089,16.0158,16.1554,15.7364,16.1089,6600263,22581456,0,0,3.4213,1.1075,2061951102.5,,2112192146.68,595939625,0,610460158,-4.9149,1.781,0.8194,-5.0571,
603828.SH,柯利达,20220516,16.1089,16.1089,16.2486,15.8761,16.2486,6776692,23381373,0.1397,0.8671,3.4503,1.1371,2079829291.25,,2130505951.42,595939625,0,610460158,-4.9576,1.7964,0.8265,-5.1009,
603828.SH,柯利达,20220517,16.2486,16.2951,16.2951,15.6433,15.9227,7242194,24661880,-0.3259,-2.0057,3.4053,1.2153,2038113517.5,,2087773740.36,595939625,0,610460158,-4.8581,1.7604,0.8099,-4.9986,
603828.SH,柯利达,20220518,15.9227,15.8295,16.2486,15.783,16.1089,7127450,24638174,0.1862,1.1696,3.4568,1.196,2061951102.5,,2112192146.68,595939625,0,610460158,-4.9149,1.781,0.8194,-5.0571,
603828.SH,柯利达,20220519,16.1089,15.783,16.4348,15.7364,16.4348,6214237,21633693,0.3259,2.0231,3.4813,1.0428,2103666876.25,,2154924357.74,595939625,0,610460158,-5.0144,1.817,0.8359,-5.1594,
603828.SH,柯利达,20220520,16.4348,16.4813,16.4813,16.1089,16.1554,5116213,17829118,-0.2793,-1.6997,3.4848,0.8585,2067910498.75,,2118296748.26,595939625,0,610460158,-4.9291,1.7861,0.8217,-5.0717,
603828.SH,柯利达,20220523,16.1554,16.2486,16.3882,16.1089,16.2486,4566168,15904877,0.0931,0.5764,3.4832,0.7662,2079829291.25,,2130505951.42,595939625,0,610460158,-4.9576,1.7964,0.8265,-5.1009,
603828.SH,柯利达,20220524,16.2486,16.2951,16.3417,15.4105,15.5036,6689100,22774896,-0.7449,-4.5845,3.4048,1.1224,1984478951.25,,2032832326.14,595939625,0,610460158,-4.7303,1.7141,0.7886,-4.8671,
603828.SH,柯利达,20220525,15.5036,15.5036,16.202,15.5036,16.0158,4932900,16832253,0.5121,3.3033,3.4122,0.8278,2050032310,,2099982943.52,595939625,0,610460158,-4.8865,1.7707,0.8146,-5.0279,
603828.SH,柯利达,20220526,16.0158,16.0158,16.1554,15.6433,15.9227,4646856,15838355,-0.0931,-0.5814,3.4084,0.7798,2038113517.5,,2087773740.36,595939625,0,610460158,-4.8581,1.7604,0.8099,-4.9986,
603828.SH,柯利达,20220527,15.9227,15.9227,16.0158,15.6899,15.8295,4229012,14398120,-0.0931,-0.5848,3.4046,0.7096,2026194725,,2075564537.2,595939625,0,610460158,-4.8297,1.7501,0.8052,-4.9694,
603828.SH,柯利达,20220530,15.8295,15.9692,16.1089,15.6433,15.783,4105510,13963390,-0.0466,-0.2941,3.4011,0.6889,2020235328.75,,2069459935.62,595939625,0,610460158,-4.8155,1.7449,0.8028,-4.9548,
603828.SH,柯利达,20220531,15.783,15.783,15.8761,15.5502,15.8295,3763606,12710623,0.0466,0.295,3.3772,0.6315,2026194725,,2075564537.2,595939625,0,610460158,-4.8297,1.7501,0.8052,-4.9694,
603828.SH,柯利达,20220601,15.8295,15.7364,15.9692,15.6899,15.8295,4743636,16137260,0,0,3.4019,0.796,2026194725,,2075564537.2,595939625,0,610460158,-4.8297,1.7501,0.8052,-4.9694,
603828.SH,柯利达,20220602,15.8295,15.8295,15.9692,15.5968,15.6899,4415816,14885871,-0.1397,-0.8824,3.371,0.741,2008316536.25,,2057250732.46,595939625,0,610460158,-4.7871,1.7346,0.798,-4.9255,
603828.SH,柯利达,20220606,15.6899,15.9227,16.202,15.7364,16.1089,7050130,24178057,0.419,2.6706,3.4294,1.183,2061951102.5,,2112192146.68,595939625,0,610460158,-4.9149,1.781,0.8194,-5.0571,
603828.SH,柯利达,20220607,16.1089,16.0623,16.1554,15.6433,16.0158,5576735,19021655,-0.0931,-0.578,3.4109,0.9358,2050032310,,2099982943.52,595939625,0,610460158,-4.8865,1.7707,0.8146,-5.0279,
603828.SH,柯利达,20220608,16.0158,15.9227,16.1554,15.6433,15.8295,4897540,16697099,-0.1862,-1.1628,3.4093,0.8218,2026194725,,2075564537.2,595939625,0,610460158,-4.8297,1.7501,0.8052,-4.9694,
603828.SH,柯利达,20220609,15.8295,15.9692,15.9692,15.4571,15.5036,4813130,16147152,-0.3259,-2.0588,3.3548,0.8077,1984478951.25,,2032832326.14,595939625,0,610460158,-4.7303,1.7141,0.7886,-4.8671,
603828.SH,柯利达,20220610,15.5036,15.364,15.6433,15.3174,15.5036,3463356,11553593,0,0,3.336,0.5812,1984478951.25,,2032832326.14,595939625,0,610460158,-4.7303,1.7141,0.7886,-4.8671,
603828.SH,柯利达,20220613,15.5036,15.4105,15.5036,15.1312,15.4105,6027100,19846639,-0.0931,-0.6006,3.2929,1.0114,1972560158.75,,2020623122.98,595939625,0,610460158,-4.7019,1.7038,0.7838,-4.8379,
603828.SH,柯利达,20220614,15.4105,15.2709,15.5502,14.8984,15.5036,7506130,24544263,0.0931,0.6042,3.2699,1.2595,1984478951.25,,2032832326.14,595939625,0,610460158,-4.7303,1.7141,0.7886,-4.8671,
603828.SH,柯利达,20220615,15.5036,15.364,15.783,15.364,15.5036,6232919,20847924,0,0,3.3448,1.0459,1984478951.25,,2032832326.14,595939625,0,610460158,-4.7303,1.7141,0.7886,-4.8671,
603828.SH,柯利达,20220616,15.5036,15.5036,15.783,15.4105,15.6899,6096812,20491587,0.1862,1.2012,3.361,1.0231,2008316536.25,,2057250732.46,595939625,0,610460158,-4.7871,1.7346,0.798,-4.9255,
603828.SH,柯利达,20220617,15.6899,15.5502,15.6899,15.2709,15.5036,5299486,17631954,-0.1862,-1.1869,3.3271,0.8893,1984478951.25,,2032832326.14,595939625,0,610460158,-4.7303,1.7141,0.7886,-4.8671,
603828.SH,柯利达,20220620,15.5036,15.5502,15.6433,15.364,15.5968,3974452,13265016,0.0931,0.6006,3.3376,0.6669,1996397743.75,,2045041529.3,595939625,0,610460158,-4.7587,1.7244,0.7933,-4.8963,
603828.SH,柯利达,20220621,15.5968,15.6433,15.783,15.4105,15.5968,4213100,14147475,0,0,3.358,0.707,1996397743.75,,2045041529.3,595939625,0,610460158,-4.7587,1.7244,0.7933,-4.8963,
603828.SH,柯利达,20220622,15.5968,15.5968,15.5968,15.3174,15.4105,3951500,13101130,-0.1862,-1.194,3.3155,0.6631,1972560158.75,,2020623122.98,595939625,0,610460158,-4.7019,1.7038,0.7838,-4.8379,
603828.SH,柯利达,20220623,15.4105,15.4105,15.7364,15.3174,15.6433,4004687,13373215,0.2328,1.5106,3.3394,0.672,2002357140,,2051146130.88,595939625,0,610460158,-4.7729,1.7295,0.7957,-4.9109,
603828.SH,柯利达,20220624,15.6433,15.7364,15.7364,15.5036,15.5502,3346893,11211553,-0.0931,-0.5952,3.3498,0.5616,1990438347.5,,2038936927.72,595939625,0,610460158,-4.7445,1.7192,0.7909,-4.8817,
603828.SH,柯利达,20220627,15.5502,15.783,15.783,15.5968,15.783,3688343,12451459,0.2328,1.497,3.3759,0.6189,2020235328.75,,2069459935.62,595939625,0,610460158,-4.8155,1.7449,0.8028,-4.9548,
603828.SH,柯利达,20220628,15.783,15.7364,16.2486,15.6899,16.202,7001503,24172516,0.419,2.6549,3.4525,1.1749,2073869895,,2124401349.84,595939625,0,610460158,-4.9433,1.7913,0.8241,-5.0863,
603828.SH,柯利达,20220629,16.202,16.1554,16.1554,15.8295,15.8295,3461100,11864184,-0.3725,-2.2989,3.4279,0.5808,2026194725,,2075564537.2,595939625,0,610460158,-4.8297,1.7501,0.8052,-4.9694,
603828.SH,柯利达,20220630,15.8295,15.8761,16.0623,15.7364,15.8295,3573269,12217033,0,0,3.419,0.5996,2026194725,,2075564537.2,595939625,0,610460158,-4.8297,1.7501,0.8052,-4.9694,
603828.SH,柯利达,20220701,15.8295,16.0623,16.1554,15.8761,15.9227,4010387,13801768,0.0931,0.5882,3.4415,0.673,2038113517.5,,2087773740.36,595939625,0,610460158,-4.8581,1.7604,0.8099,-4.9986,
603828.SH,柯利达,20220704,15.9227,15.9227,15.9692,15.6433,15.7364,3372628,11386746,-0.1862,-1.1696,3.3762,0.5659,2014275932.5,,2063355334.04,595939625,0,610460158,-4.8013,1.7398,0.8004,-4.9402,
603828.SH,柯利达,20220705,15.7364,15.7364,15.783,15.364,15.5968,4874430,16298519,-0.1397,-0.8876,3.3437,0.8179,1996397743.75,,2045041529.3,595939625,0,610460158,-4.7587,1.7244,0.7933,-4.8963,
603828.SH,柯利达,20220706,15.5968,15.6433,15.6899,15.3174,15.4571,3435464,11433956,-0.1397,-0.8955,3.3282,0.5765,1978519555,,2026727724.56,595939625,0,610460158,-4.7161,1.7089,0.7862,-4.8525,
603828.SH,柯利达,20220707,15.4571,15.4571,15.783,15.364,15.6899,3535381,11878561,0.2328,1.506,3.3599,0.5932,2008316536.25,,2057250732.46,595939625,0,610460158,-4.7871,1.7346,0.798,-4.9255,
603828.SH,柯利达,20220708,15.6899,15.5968,15.8761,15.5502,15.6433,3531200,11907983,-0.0466,-0.2967,3.3722,0.5925,2002357140,,2051146130.88,595939625,0,610460158,-4.7729,1.7295,0.7957,-4.9109,
603828.SH,柯利达,20220711,15.6433,15.6899,15.8295,15.5502,15.7364,3748607,12633066,0.0931,0.5952,3.3701,0.629,2014275932.5,,2063355334.04,595939625,0,610460158,-4.8013,1.7398,0.8004,-4.9402,
603828.SH,柯利达,20220712,15.7364,15.783,15.9227,15.6433,15.7364,3625732,12290955,0,0,3.3899,0.6084,2014275932.5,,2063355334.04,595939625,0,610460158,-4.8013,1.7398,0.8004,-4.9402,
603828.SH,柯利达,20220713,15.7364,15.7364,16.3882,15.7364,16.2951,12965340,45162821,0.5587,3.5503,3.4834,2.1756,2085788687.5,,2136610553,595939625,0,610460158,-4.9718,1.8016,0.8288,-5.1156,
603828.SH,柯利达,20220714,16.2951,16.202,16.3417,15.9227,16.0623,6998600,24212375,-0.2328,-1.4286,3.4596,1.1744,2055991706.25,,2106087545.1,595939625,0,610460158,-4.9007,1.7758,0.817,-5.0425,
603828.SH,柯利达,20220715,16.0623,15.9227,16.1089,14.945,14.9915,11205630,37046337,-1.0708,-6.6667,3.306,1.8803,1918925592.5,,1965681708.76,595939625,0,610460158,-4.574,1.6574,0.7625,-4.7063,
603828.SH,柯利达,20220718,14.9915,14.945,16.0158,14.945,15.8761,9777911,33037645,0.8846,5.9006,3.3788,1.6408,2032154121.25,,2081669138.78,595939625,0,610460158,-4.8439,1.7552,0.8075,-4.984,
603828.SH,柯利达,20220719,15.8761,16.1089,16.2951,15.7364,16.2486,7331030,25351572,0.3725,2.346,3.4581,1.2302,2079829291.25,,2130505951.42,595939625,0,610460158,-4.9576,1.7964,0.8265,-5.1009,
603828.SH,柯利达,20220720,16.2486,16.2951,16.3417,16.0158,16.1554,3598092,12478329,-0.0931,-0.5731,3.468,0.6038,2067910498.75,,2118296748.26,595939625,0,610460158,-4.9291,1.7861,0.8217,-5.0717,
603828.SH,柯利达,20220721,16.1554,16.1089,16.2486,15.8761,15.8761,4413048,15133137,-0.2793,-1.7291,3.4292,0.7405,2032154121.25,,2081669138.78,595939625,0,610460158,-4.8439,1.7552,0.8075,-4.984,
603828.SH,柯利达,20220722,15.8761,15.9692,16.4813,15.8761,16.4348,8919546,31215910,0.5587,3.5191,3.4997,1.4967,2103666876.25,,2154924357.74,595939625,0,610460158,-5.0144,1.817,0.8359,-5.1594,
603828.SH,柯利达,20220725,16.4348,16.5745,16.6676,16.2486,16.4348,5678400,20052383,0,0,3.5313,0.9528,2103666876.25,,2154924357.74,595939625,0,610460158,-5.0144,1.817,0.8359,-5.1594,
603828.SH,柯利达,20220726,16.4348,16.5745,16.5745,16.1554,16.4813,4495104,15825272,0.0466,0.2833,3.5206,0.7543,2109626272.5,,2161028959.32,595939625,0,610460158,-5.0286,1.8222,0.8383,-5.174,
603828.SH,柯利达,20220727,16.4813,16.4813,16.6676,16.2951,16.4348,4064421,14342473,-0.0466,-0.2825,3.5288,0.682,2103666876.25,,2154924357.74,595939625,0,610460158,-5.0144,1.817,0.8359,-5.1594,
603828.SH,柯利达,20220728,16.4348,16.4813,16.5745,16.3417,16.3882,3439194,12133988,-0.0466,-0.2833,3.5281,0.5771,2097707480,,2148819756.16,595939625,0,610460158,-5.0002,1.8119,0.8336,-5.1448,
603828.SH,柯利达,20220729,16.3882,16.4348,16.4348,16.0623,16.2486,5306939,18495866,-0.1397,-0.8523,3.4852,0.8905,2079829291.25,,2130505951.42,595939625,0,610460158,-4.9576,1.7964,0.8265,-5.1009,
603828.SH,柯利达,20220801,16.2486,16.3417,16.3417,16.0623,16.1554,3627830,12603088,-0.0931,-0.5731,3.474,0.6088,2067910498.75,,2118296748.26,595939625,0,610460158,-4.9291,1.7861,0.8217,-5.0717,
603828.SH,柯利达,20220802,16.1554,16.1089,16.1089,15.2709,15.5036,5929230,19778557,-0.6518,-4.0346,3.3358,0.9949,1984478951.25,,2032832326.14,595939625,0,610460158,-4.7303,1.7141,0.7886,-4.8671,
603828.SH,柯利达,20220803,15.5036,15.4571,15.9692,15.1777,15.2709,3926681,13128647,-0.2328,-1.5015,3.3434,0.6589,1954681970,,2002309318.24,595939625,0,610460158,-4.6592,1.6883,0.7767,-4.794,
603828.SH,柯利达,20220804,15.2709,15.2709,15.5968,15.2243,15.5968,2742400,9088720,0.3259,2.1341,3.3141,0.4602,1996397743.75,,2045041529.3,595939625,0,610460158,-4.7587,1.7244,0.7933,-4.8963,
603828.SH,柯利达,20220805,15.5968,15.6433,15.6433,15.3174,15.5502,4508500,14946618,-0.0466,-0.2985,3.3152,0.7565,1990438347.5,,2038936927.72,595939625,0,610460158,-4.7445,1.7192,0.7909,-4.8817,
603828.SH,柯利达,20220808,15.5502,15.5502,15.7364,15.4105,15.6899,3559970,11919438,0.1397,0.8982,3.3482,0.5974,2008316536.25,,2057250732.46,595939625,0,610460158,-4.7871,1.7346,0.798,-4.9255,
603828.SH,柯利达,20220809,15.6899,15.7364,16.0623,15.5968,15.8295,3555888,12110827,0.1397,0.8902,3.4059,0.5967,2026194725,,2075564537.2,595939625,0,610460158,-4.8297,1.7501,0.8052,-4.9694,
603828.SH,柯利达,20220810,15.8295,15.8295,16.0623,15.6433,15.7364,2815800,9539708,-0.0931,-0.5882,3.3879,0.4725,2014275932.5,,2063355334.04,595939625,0,610460158,-4.8013,1.7398,0.8004,-4.9402,
603828.SH,柯利达,20220811,15.7364,15.8761,16.2486,15.8295,16.1089,4931457,17049978,0.3725,2.3669,3.4574,0.8275,2061951102.5,,2112192146.68,595939625,0,610460158,-4.9149,1.781,0.8194,-5.0571,
603828.SH,柯利达,20220812,16.1089,16.0623,16.2486,15.9692,16.0623,2765200,9573345,-0.0466,-0.289,3.4621,0.464,2055991706.25,,2106087545.1,595939625,0,610460158,-4.9007,1.7758,0.817,-5.0425,
603828.SH,柯利达,20220815,16.0623,16.1089,16.2486,15.9692,16.0158,2720600,9384894,-0.0466,-0.2899,3.4496,0.4565,2050032310,,2099982943.52,595939625,0,610460158,-4.8865,1.7707,0.8146,-5.0279,
603828.SH,柯利达,20220816,16.0158,16.0158,16.3882,15.9692,16.3417,4328680,15116701,0.3259,2.0349,3.4922,0.7264,2091748083.75,,2142715154.58,595939625,0,610460158,-4.986,1.8067,0.8312,-5.1302,
603828.SH,柯利达,20220817,16.3417,16.5279,16.621,16.2951,16.4348,3710043,13126935,0.0931,0.5698,3.5382,0.6226,2103666876.25,,2154924357.74,595939625,0,610460158,-5.0144,1.817,0.8359,-5.1594,
603828.SH,柯利达,20220818,16.4348,16.4813,16.4813,16.1089,16.2951,3216675,11207236,-0.1397,-0.8499,3.4841,0.5398,2085788687.5,,2136610553,595939625,0,610460158,-4.9718,1.8016,0.8288,-5.1156,
603828.SH,柯利达,20220819,16.2951,16.4348,16.4813,16.0623,16.1554,3248035,11345619,-0.1397,-0.8571,3.4931,0.545,2067910498.75,,2118296748.26,595939625,0,610460158,-4.9291,1.7861,0.8217,-5.0717,
603828.SH,柯利达,20220822,16.1554,16.1554,16.3417,15.9692,16.202,2863698,9920391,0.0466,0.2882,3.4642,0.4805,2073869895,,2124401349.84,595939625,0,610460158,-4.9433,1.7913,0.8241,-5.0863,
603828.SH,柯利达,20220823,16.202,16.1554,16.2951,15.9692,16.2951,2919273,10100779,0.0931,0.5747,3.46,0.4899,2085788687.5,,2136610553,595939625,0,610460158,-4.9718,1.8016,0.8288,-5.1156,
603828.SH,柯利达,20220824,16.2951,16.2486,16.3417,15.8295,15.9227,3228010,11112469,-0.3725,-2.2857,3.4425,0.5417,2038113517.5,,2087773740.36,595939625,0,610460158,-4.8581,1.7604,0.8099,-4.9986,
603828.SH,柯利达,20220825,15.9227,15.9692,16.0158,15.6899,15.9227,3729230,12685885,0,0,3.4017,0.6258,2038113517.5,,2087773740.36,595939625,0,610460158,-4.8581,1.7604,0.8099,-4.9986,
603828.SH,柯利达,20220826,15.9227,15.9227,16.0623,15.6899,15.6899,2464683,8391840,-0.2328,-1.462,3.4048,0.4136,2008316536.25,,2057250732.46,595939625,0,610460158,-4.7871,1.7346,0.798,-4.9255,
603828.SH,柯利达,20220829,15.6899,15.5968,16.1554,15.5502,16.1089,3794497,12970481,0.419,2.6706,3.4182,0.6367,2061951102.5,,2112192146.68,595939625,0,610460158,-4.9149,1.781,0.8194,-5.0571,
603828.SH,柯利达,20220830,16.1089,16.1089,16.4813,16.0623,16.3417,4701020,16453066,0.2328,1.4451,3.4999,0.7888,2091748083.75,,2142715154.58,595939625,0,610460158,-4.9966,1.8209,0.8312,-5.1302,
603828.SH,柯利达,20220831,16.3417,16.3417,16.5279,16.0623,16.1554,4495719,15736385,-0.1862,-1.1396,3.5003,0.7544,2067910498.75,,2118296748.26,595939625,0,610460158,-4.9396,1.8001,0.8217,-5.0717,
603828.SH,柯利达,20220901,16.1554,16.1554,16.621,16.1554,16.2486,5892100,20745093,0.0931,0.5764,3.5208,0.9887,2079829291.25,,2130505951.42,595939625,0,610460158,-4.9681,1.8105,0.8265,-5.1009,
603828.SH,柯利达,20220902,16.2486,16.2951,16.8073,16.202,16.5745,9531000,33989069,0.3259,2.0057,3.5662,1.5993,2121545065,,2173238162.48,595939625,0,610460158,-5.0677,1.8468,0.843,-5.2032,
603828.SH,柯利达,20220905,16.5745,16.8538,16.9935,16.7141,16.9935,7068100,25656773,0.419,2.5281,3.6299,1.186,2175179631.25,,2228179576.7,595939625,0,610460158,-5.1959,1.8935,0.8644,-5.3348,
603828.SH,柯利达,20220906,16.9935,16.9935,17.0866,16.7607,16.9004,6045203,21975824,-0.0931,-0.5479,3.6352,1.0144,2163260838.75,,2215970373.54,595939625,0,610460158,-5.1674,1.8831,0.8596,-5.3056,
603828.SH,柯利达,20220907,16.9004,16.7607,16.9935,16.6676,16.9469,4491104,16218532,0.0466,0.2755,3.6113,0.7536,2169220235,,2222074975.12,595939625,0,610460158,-5.1816,1.8883,0.862,-5.3202,
603828.SH,柯利达,20220908,16.9469,16.9469,17.1332,16.8538,17.0866,4072926,14880999,0.1397,0.8242,3.6536,0.6834,2187098423.75,,2240388779.86,595939625,0,610460158,-5.2243,1.9039,0.8691,-5.364,
603828.SH,柯利达,20220909,17.0866,17.0866,17.0866,16.8073,16.9935,3373255,12266935,-0.0931,-0.545,3.6365,0.566,2175179631.25,,2228179576.7,595939625,0,610460158,-5.1959,1.8935,0.8644,-5.3348,
603828.SH,柯利达,20220913,16.9935,17.04,17.2728,16.8073,17.0866,5639100,20736164,0.0931,0.5479,3.6772,0.9463,2187098423.75,,2240388779.86,595939625,0,610460158,-5.2243,1.9039,0.8691,-5.364,
603828.SH,柯利达,20220914,17.0866,17.04,17.1332,16.8538,16.9004,3371882,12302457,-0.1862,-1.0899,3.6485,0.5658,2163260838.75,,2215970373.54,595939625,0,610460158,-5.1674,1.8831,0.8596,-5.3056,
603828.SH,柯利达,20220915,16.9004,17.0866,17.0866,16.5745,16.9469,5747098,20745054,0.0466,0.2755,3.6097,0.9644,2169220235,,2222074975.12,595939625,0,610460158,-5.1816,1.8883,0.862,-5.3202,
603828.SH,柯利达,20220916,16.9469,16.9469,16.9469,16.2486,16.2951,5392452,19144724,-0.6518,-3.8462,3.5503,0.9049,2085788687.5,,2136610553,595939625,0,610460158,-4.9823,1.8157,0.8288,-5.1156,
603828.SH,柯利达,20220919,16.2951,16.2951,16.6676,16.0158,16.202,3814804,13284932,-0.0931,-0.5714,3.4825,0.6401,2073869895,,2124401349.84,595939625,0,610460158,-4.9539,1.8053,0.8241,-5.0863,
603828.SH,柯利达,20220920,16.202,16.4348,16.7141,16.1089,16.2486,5141060,18097816,0.0466,0.2874,3.5202,0.8627,2079829291.25,,2130505951.42,595939625,0,610460158,-4.9681,1.8105,0.8265,-5.1009,
603828.SH,柯利达,20220921,16.2486,16.1554,16.8073,15.9227,16.7141,5146830,18099677,0.4656,2.8653,3.5167,0.8636,2139423253.75,,2191551967.22,595939625,0,610460158,-5.1104,1.8624,0.8501,-5.2471,
603828.SH,柯利达,20220922,16.7141,16.4813,16.621,16.0158,16.1089,5313530,18585337,-0.6052,-3.6212,3.4977,0.8916,2061951102.5,,2112192146.68,595939625,0,610460158,-4.9254,1.7949,0.8194,-5.0571,
603828.SH,柯利达,20220923,16.1089,16.1554,16.4813,16.0158,16.202,3677400,12841715,0.0931,0.578,3.4921,0.6171,2073869895,,2124401349.84,595939625,0,610460158,-4.9539,1.8053,0.8241,-5.0863,
603828.SH,柯利达,20220926,16.202,16.2486,16.2486,15.5036,15.5036,5713500,19310518,-0.6984,-4.3103,3.3798,0.9587,1984478951.25,,2032832326.14,595939625,0,610460158,-4.7403,1.7275,0.7886,-4.8671,
603828.SH,柯利达,20220927,15.5036,15.5968,16.2951,15.5502,16.2486,6134376,21044222,0.7449,4.8048,3.4305,1.0294,2079829291.25,,2130505951.42,595939625,0,610460158,-4.9681,1.8105,0.8265,-5.1009,
603828.SH,柯利达,20220928,16.2486,16.3417,16.4813,15.8761,15.9227,4641500,16087629,-0.3259,-2.0057,3.466,0.7789,2038113517.5,,2087773740.36,595939625,0,610460158,-4.8684,1.7742,0.8099,-4.9986,
603828.SH,柯利达,20220929,15.9227,16.1554,16.1554,15.2243,15.3174,5522582,18416319,-0.6052,-3.8012,3.3347,0.9267,1960641366.25,,2008413919.82,595939625,0,610460158,-4.6834,1.7067,0.7791,-4.8086,
603828.SH,柯利达,20220930,15.3174,15.5036,15.5502,15.0381,15.1312,3360156,10983342,-0.1862,-1.2158,3.2687,0.5638,1936803781.25,,1983995513.5,595939625,0,610460158,-4.6264,1.686,0.7696,-4.7502,
603828.SH,柯利达,20221010,15.1312,15.2709,15.4105,14.8518,14.9915,3023850,9763136,-0.1397,-0.9231,3.2287,0.5074,1918925592.5,,1965681708.76,595939625,0,610460158,-4.5837,1.6704,0.7625,-4.7063,
603828.SH,柯利达,20221011,14.9915,15.0846,15.1312,14.619,14.8984,3875213,12316250,-0.0931,-0.6211,3.1782,0.6503,1907006800,,1953472505.6,595939625,0,610460158,-4.5553,1.66,0.7578,-4.6771,
603828.SH,柯利达,20221012,14.8984,14.8984,15.0846,14.619,15.0381,3435000,10948165,0.1397,0.9375,3.1872,0.5764,1924884988.75,,1971786310.34,595939625,0,610460158,-4.598,1.6756,0.7649,-4.7209,
603828.SH,柯利达,20221013,15.0381,15.0846,15.1777,14.8053,14.945,3747300,12066576,-0.0931,-0.6192,3.2201,0.6288,1912966196.25,,1959577107.18,595939625,0,610460158,-4.5695,1.6652,0.7602,-4.6917,
603828.SH,柯利达,20221014,14.945,14.9915,15.3174,14.9915,15.1777,4425451,14410218,0.2328,1.5576,3.2562,0.7426,1942763177.5,,1990100115.08,595939625,0,610460158,-4.6407,1.6912,0.772,-4.7648,
603828.SH,柯利达,20221017,15.1777,15.1312,15.4105,14.8984,15.2709,4565124,14880428,0.0931,0.6135,3.2596,0.766,1954681970,,2002309318.24,595939625,0,610460158,-4.6691,1.7015,0.7767,-4.794,
603828.SH,柯利达,20221018,15.2709,15.3174,15.364,15.0381,15.1312,3648200,11917894,-0.1397,-0.9146,3.2668,0.6122,1936803781.25,,1983995513.5,595939625,0,610460158,-4.6264,1.686,0.7696,-4.7502,
603828.SH,柯利达,20221019,15.1312,15.1777,15.2243,14.8053,14.8518,3759400,12080126,-0.2793,-1.8462,3.2133,0.6308,1901047403.75,,1947367904.02,595939625,0,610460158,-4.541,1.6549,0.7554,-4.6625,
603828.SH,柯利达,20221020,14.8518,14.7587,15.0381,14.7122,14.8984,4358600,13924913,0.0466,0.3135,3.1948,0.7314,1907006800,,1953472505.6,595939625,0,610460158,-4.5553,1.66,0.7578,-4.6771,
603828.SH,柯利达,20221021,14.8984,14.9915,15.6433,14.8518,15.364,7340200,24121065,0.4656,3.125,3.2862,1.2317,1966600762.5,,2014518521.4,595939625,0,610460158,-4.6976,1.7119,0.7815,-4.8232,
603828.SH,柯利达,20221024,15.364,15.3174,15.5502,14.945,15.0381,7362569,24161238,-0.3259,-2.1212,3.2816,1.2355,1924884988.75,,1971786310.34,595939625,0,610460158,-4.598,1.6756,0.7649,-4.7209,
603828.SH,柯利达,20221025,15.0381,15.1777,15.1777,14.5725,14.8518,4466469,14191131,-0.1862,-1.2384,3.1773,0.7495,1901047403.75,,1947367904.02,595939625,0,610460158,-4.541,1.6549,0.7554,-4.6625,
603828.SH,柯利达,20221026,14.8518,14.7587,15.0381,14.7587,14.8984,4160900,13348528,0.0466,0.3135,3.2081,0.6982,1907006800,,1953472505.6,595939625,0,610460158,-4.5553,1.66,0.7578,-4.6771,
603828.SH,柯利达,20221027,14.8984,14.8053,15.0846,14.8053,14.9915,3200552,10268997,0.0931,0.625,3.2085,0.5371,1918925592.5,,1965681708.76,595939625,0,610460158,-4.5837,1.6704,0.7625,-4.7063,
603828.SH,柯利达,20221028,14.9915,15.0381,15.0381,14.2466,14.2931,5618500,17551848,-0.6984,-4.6584,3.1239,0.9428,1829534648.75,,1874112685.06,595939625,0,610460158,-4.3702,1.5926,0.727,-4.4871,
603828.SH,柯利达,20221031,14.2931,14.5259,15.5036,14.2931,15.2709,10520743,34205017,0.9777,6.8404,3.2512,1.7654,1954681970,,2002309318.24,595939625,0,610460158,-4.9087,1.6541,0.7767,-4.794,
603828.SH,柯利达,20221101,15.2709,15.2243,15.8761,15.1777,15.783,8981164,30219615,0.5121,3.3537,3.3648,1.5071,2020235328.75,,2069459935.62,595939625,0,610460158,-5.0734,1.7096,0.8028,-4.9548,
603828.SH,柯利达,20221102,15.783,15.8295,15.9227,15.5502,15.6433,7657806,25950373,-0.1397,-0.885,3.3887,1.285,2002357140,,2051146130.88,595939625,0,610460158,-5.0285,1.6945,0.7957,-4.9109,
603828.SH,柯利达,20221103,15.6433,15.5502,15.7364,15.5036,15.7364,4449045,14946046,0.0931,0.5952,3.3594,0.7466,2014275932.5,,2063355334.04,595939625,0,610460158,-5.0584,1.7045,0.8004,-4.9402,
603828.SH,柯利达,20221104,15.7364,15.8761,15.8761,15.5968,15.6899,3407213,11501602,-0.0466,-0.2959,3.3757,0.5717,2008316536.25,,2057250732.46,595939625,0,610460158,-5.0434,1.6995,0.798,-4.9255,
603828.SH,柯利达,20221107,15.6899,15.7364,15.8761,15.5036,15.783,3586300,12098866,0.0931,0.5935,3.3736,0.6018,2020235328.75,,2069459935.62,595939625,0,610460158,-5.0734,1.7096,0.8028,-4.9548,
603828.SH,柯利达,20221108,15.783,15.783,15.9692,15.6899,15.9227,5290219,18033590,0.1397,0.885,3.4089,0.8877,2038113517.5,,2087773740.36,595939625,0,610460158,-5.1183,1.7247,0.8099,-4.9986,
603828.SH,柯利达,20221109,15.9227,15.9227,16.1089,15.783,15.9227,4207984,14451379,0,0,3.4343,0.7061,2038113517.5,,2087773740.36,595939625,0,610460158,-5.1183,1.7247,0.8099,-4.9986,
603828.SH,柯利达,20221110,15.9227,15.7364,15.9692,15.6433,15.7364,3147304,10689742,-0.1862,-1.1696,3.3965,0.5281,2014275932.5,,2063355334.04,595939625,0,610460158,-5.0584,1.7045,0.8004,-4.9402,
603828.SH,柯利达,20221111,15.7364,15.9227,16.2951,15.8295,16.1089,7070093,24410528,0.3725,2.3669,3.4526,1.1864,2061951102.5,,2112192146.68,595939625,0,610460158,-5.1781,1.7449,0.8194,-5.0571,
603828.SH,柯利达,20221114,16.1089,16.202,16.5745,16.0158,16.5279,10413496,36678559,0.419,2.6012,3.5222,1.7474,2115585668.75,,2167133560.9,595939625,0,610460158,-5.3128,1.7903,0.8407,-5.1886,
603828.SH,柯利达,20221115,16.5279,16.621,16.621,16.1089,16.2486,6871851,24044370,-0.2793,-1.6901,3.499,1.1531,2079829291.25,,2130505951.42,595939625,0,610460158,-5.223,1.76,0.8265,-5.1009,
603828.SH,柯利达,20221116,16.2486,16.2486,16.3417,15.9692,16.0623,5510977,19110917,-0.1862,-1.1461,3.4678,0.9248,2055991706.25,,2106087545.1,595939625,0,610460158,-5.1632,1.7398,0.817,-5.0425,
603828.SH,柯利达,20221117,16.0623,16.1089,16.4813,16.1089,16.2951,4681988,16349197,0.2328,1.4493,3.4919,0.7856,2085788687.5,,2136610553,595939625,0,610460158,-5.238,1.7651,0.8288,-5.1156,
603828.SH,柯利达,20221118,16.2951,16.3417,16.4813,16.1554,16.1554,4653938,16295167,-0.1397,-0.8571,3.5014,0.7809,2067910498.75,,2118296748.26,595939625,0,610460158,-5.1931,1.7499,0.8217,-5.0717,
603828.SH,柯利达,20221121,16.1554,16.1554,16.1554,15.7364,15.9227,5425581,18565723,-0.2328,-1.4409,3.4219,0.9104,2038113517.5,,2087773740.36,595939625,0,610460158,-5.1183,1.7247,0.8099,-4.9986,
603828.SH,柯利达,20221122,15.9227,15.9692,16.2951,15.8761,16.0158,4866210,16776292,0.0931,0.5848,3.4475,0.8166,2050032310,,2099982943.52,595939625,0,610460158,-5.1482,1.7348,0.8146,-5.0279,
603828.SH,柯利达,20221123,16.0158,16.0623,16.2486,15.783,15.9227,4469860,15373462,-0.0931,-0.5814,3.4394,0.7501,2038113517.5,,2087773740.36,595939625,0,610460158,-5.1183,1.7247,0.8099,-4.9986,
603828.SH,柯利达,20221124,15.9227,16.0158,16.202,15.8761,15.9227,4633039,15946711,0,0,3.442,0.7774,2038113517.5,,2087773740.36,595939625,0,610460158,-5.1183,1.7247,0.8099,-4.9986,
603828.SH,柯利达,20221125,15.9227,16.1554,16.1554,15.8295,15.8761,4021840,13763576,-0.0466,-0.2924,3.4222,0.6749,2032154121.25,,2081669138.78,595939625,0,610460158,-5.1033,1.7197,0.8075,-4.984,
603828.SH,柯利达,20221128,15.8761,15.8295,16.0158,15.6433,15.8295,4606420,15636046,-0.0466,-0.2933,3.3944,0.773,2026194725,,2075564537.2,595939625,0,610460158,-5.0883,1.7146,0.8052,-4.9694,
603828.SH,柯利达,20221129,15.8295,15.8761,16.3882,15.8761,16.3417,7453990,26001649,0.5121,3.2353,3.4883,1.2508,2091748083.75,,2142715154.58,595939625,0,610460158,-5.253,1.7701,0.8312,-5.1302,
603828.SH,柯利达,20221130,16.3417,16.4813,16.5745,16.202,16.2951,7979261,28104297,-0.0466,-0.2849,3.5222,1.3389,2085788687.5,,2136610553,595939625,0,610460158,-5.238,1.7651,0.8288,-5.1156,
603828.SH,柯利达,20221201,16.2951,16.5279,16.5279,15.9692,16.0623,6029942,20940125,-0.2328,-1.4286,3.4727,1.0118,2055991706.25,,2106087545.1,595939625,0,610460158,-5.1632,1.7398,0.817,-5.0425,
603828.SH,柯利达,20221202,16.0623,16.202,16.3417,15.9227,16.3417,4775862,16584355,0.2793,1.7391,3.4725,0.8014,2091748083.75,,2142715154.58,595939625,0,610460158,-5.253,1.7701,0.8312,-5.1302,
603828.SH,柯利达,20221205,16.3417,16.3417,16.6676,16.2951,16.5745,7031856,24948737,0.2328,1.4245,3.548,1.18,2121545065,,2173238162.48,595939625,0,610460158,-5.3278,1.7953,0.843,-5.2032,
603828.SH,柯利达,20221206,16.5745,16.4348,16.5745,16.2486,16.3417,4692390,16542236,-0.2328,-1.4045,3.5253,0.7874,2091748083.75,,2142715154.58,595939625,0,610460158,-5.253,1.7701,0.8312,-5.1302,
603828.SH,柯利达,20221207,16.3417,16.3417,16.3417,16.1089,16.2951,3852198,13429558,-0.0466,-0.2849,3.4862,0.6464,2085788687.5,,2136610553,595939625,0,610460158,-5.238,1.7651,0.8288,-5.1156,
603828.SH,柯利达,20221208,16.2951,16.3417,16.5279,16.1554,16.3417,4146476,14533951,0.0466,0.2857,3.5051,0.6958,2091748083.75,,2142715154.58,595939625,0,610460158,-5.253,1.7701,0.8312,-5.1302,
603828.SH,柯利达,20221209,16.3417,16.4813,16.5279,16.1089,16.1089,5446500,19039960,-0.2328,-1.4245,3.4958,0.9139,2061951102.5,,2112192146.68,595939625,0,610460158,-5.1781,1.7449,0.8194,-5.0571,
603828.SH,柯利达,20221212,16.1089,16.0158,16.2486,15.9692,16.0158,4951163,17129849,-0.0931,-0.578,3.4598,0.8308,2050032310,,2099982943.52,595939625,0,610460158,-5.1482,1.7348,0.8146,-5.0279,
603828.SH,柯利达,20221213,16.0158,16.0623,16.3882,15.9692,16.202,3765263,13126610,0.1862,1.1628,3.4862,0.6318,2073869895,,2124401349.84,595939625,0,610460158,-5.2081,1.755,0.8241,-5.0863,
603828.SH,柯利达,20221214,16.202,16.2486,16.3417,15.8761,16.1089,4480963,15521275,-0.0931,-0.5747,3.4638,0.7519,2061951102.5,,2112192146.68,595939625,0,610460158,-5.1781,1.7449,0.8194,-5.0571,
603828.SH,柯利达,20221215,16.1089,16.1554,16.3417,16.0158,16.202,3687087,12849903,0.0931,0.578,3.4851,0.6187,2073869895,,2124401349.84,595939625,0,610460158,-5.2081,1.755,0.8241,-5.0863,
603828.SH,柯利达,20221216,16.202,16.1554,16.2486,15.8295,15.9692,4083657,14061454,-0.2328,-1.4368,3.4433,0.6852,2044072913.75,,2093878341.94,595939625,0,610460158,-5.1332,1.7298,0.8123,-5.0132,
603828.SH,柯利达,20221219,15.9692,15.9692,16.1089,15.5036,15.5502,5595520,18904130,-0.419,-2.6239,3.3784,0.9389,1990438347.5,,2038936927.72,595939625,0,610460158,-4.9985,1.6844,0.7909,-4.8817,
603828.SH,柯利达,20221220,15.5502,15.5036,15.8295,15.4571,15.5968,3595042,12052644,0.0466,0.2994,3.3526,0.6033,1996397743.75,,2045041529.3,595939625,0,610460158,-5.0135,1.6894,0.7933,-4.8963,
603828.SH,柯利达,20221221,15.5968,15.5502,15.6899,15.364,15.4571,3290463,10962789,-0.1397,-0.8955,3.3317,0.5521,1978519555,,2026727724.56,595939625,0,610460158,-4.9686,1.6743,0.7862,-4.8525,
603828.SH,柯利达,20221222,15.4571,15.4571,15.6433,15.1312,15.1777,3226421,10633898,-0.2793,-1.8072,3.2959,0.5414,1942763177.5,,1990100115.08,595939625,0,610460158,-4.8788,1.644,0.772,-4.7648,
603828.SH,柯利达,20221223,15.1777,15.0846,15.4105,14.9915,15.1777,3791100,12383365,0,0,3.2664,0.6362,1942763177.5,,1990100115.08,595939625,0,610460158,-4.8788,1.644,0.772,-4.7648,
603828.SH,柯利达,20221226,15.1777,15.4105,15.5036,15.0846,15.3174,4241663,13978449,0.1397,0.9202,3.2955,0.7118,1960641366.25,,2008413919.82,595939625,0,610460158,-4.9237,1.6592,0.7791,-4.8086,
603828.SH,柯利达,20221227,15.3174,15.5036,15.8761,15.364,15.5036,5516260,18435871,0.1862,1.2158,3.3421,0.9256,1984478951.25,,2032832326.14,595939625,0,610460158,-4.9836,1.6793,0.7886,-4.8671,
603828.SH,柯利达,20221228,15.5036,15.2243,15.5036,15.2243,15.3174,3877400,12763964,-0.1862,-1.2012,3.2919,0.6506,1960641366.25,,2008413919.82,595939625,0,610460158,-4.9237,1.6592,0.7791,-4.8086,
603828.SH,柯利达,20221229,15.3174,15.1312,15.5502,14.8984,14.945,6750944,21850095,-0.3725,-2.4316,3.2366,1.1328,1912966196.25,,1959577107.18,595939625,0,610460158,-4.804,1.6188,0.7602,-4.6917,
603828.SH,柯利达,20221230,14.945,15.2709,15.2709,14.8053,15.0381,4747500,15310403,0.0931,0.6231,3.2249,0.7966,1924884988.75,,1971786310.34,595939625,0,610460158,-4.8339,1.6289,0.7649,-4.7209,
